4.72464  
830.3  
2622  
1068.73  
18.2647  
28.221  
493.473  
299.177  
1279.22  
974.861  
479.15  
62.1301  
577.358  
725.549  
2192.88  
562.808  
57.1347  
107.676  
44.5111  
1039.79  
530.905  
249.015  
277.297  
56.8001  
195.437  
5.8715  
97.7982  
161.923  
152.459  
203.718  
31.4193  
25.5214  
6.51506  
148.419  
430.594  
36.6023  
85.5232  
39.5099  
9.52479  
0.06346  
13.2014  
4.7391  
2.27141  
33.0006  
13.6203  
19.697  
0.529656  
8.75439  
24.2847  
8.50429  
4.10707  
2.38303  
24.4129  
11.2935  
6.95782  
5.66095  
1.22241  
3.72817  
14.9688  
0.0260483  
1.55198  
2.60478  
2.85196  
0.392036  
4.09163  
1.01966  
1.84776  
2.1201  
5.98918  
0.197658  
3.35049  
1.6548  
1.10259  
1.01585  
0.309144  
2.32439  
1.60277  
0.599341  
1.18934  
3.01128  
0.951858  
1.44449  
2.26483  
0.75525  
1.21373  
2.61705  
3.18642  
0.563423  
0.135512  
2.70479  
0.207026  
