1.48103  
76.0611  
164.862  
157.23  
70.4294  
76.399  
96.338  
221.58  
3.54388  
157.631  
4.73436  
73.2593  
147.381  
136.691  
48.0038  
15.1256  
19.1483  
4.25493  
4.92665  
177.44  
281.58  
100.419  
349.832  
40.4445  
206.535  
34.2585  
191.675  
24.158  
62.3803  
17.7919  
185.024  
13.5008  
88.4721  
0.262275  
224.301  
131.604  
87.351  
340.304  
375.028  
182.613  
15.4217  
11.794  
30.2138  
482.322  
222.147  
211.455  
257.15  
207.708  
270.838  
39.2808  
157.691  
13.5128  
68.2389  
130.267  
13.6447  
142.42  
65.7752  
517.673  
586.456  
187.125  
48.5102  
96.278  
6.43489  
114.408  
81.3346  
169.394  
257.109  
98.0997  
146.914  
178.066  
361.627  
128.881  
5.30846  
12.6315  
134.398  
13.434  
327.329  
588.654  
34.914  
687.088  
203.892  
1132.45  
791.519  
204.963  
362.847  
592.919  
192.561  
28.9074  
1087.49  
137.886  
39.125  
