10.2912  
179.57  
2.63447  
1311.45  
1473.11  
473.135  
2818.2  
439.116  
1481.81  
473.83  
444.899  
233.513  
84.9898  
112.936  
637.308  
64.5992  
110.131  
91.1439  
125.838  
315.21  
3.22741  
20.2601  
288.585  
76.2922  
192.075  
383.427  
224.439  
341.359  
893.093  
25.2522  
937.52  
2.09179  
16.1815  
146.193  
101.061  
15.1713  
46.0706  
12.5023  
53.2726  
369.823  
58.7409  
2.26104  
29.8513  
4.93969  
29.2825  
46.8287  
27.4035  
50.874  
32.0504  
19.4085  
38.7918  
55.345  
6.43008  
5.50628  
4.92271  
65.7471  
0.347222  
2.18535  
110.97  
20.51  
26.6158  
11.3499  
19.8187  
28.3056  
58.1672  
39.339  
12.0479  
2.70561  
8.52811  
93.0011  
0.217346  
4.62144  
8.83944  
62.0891  
15.0933  
6.78477  
25.9796  
3.19037  
1.33398  
52.2913  
14.6985  
54.4777  
24.0948  
11.2816  
0.390882  
20.833  
50.3956  
19.7129  
93.8614  
47.4144  
19.0109  
