3.68451  
11.3406  
22.9079  
73.1043  
14.6575  
33.2393  
118.546  
202.218  
238.971  
40.4366  
300.063  
396.435  
199.104  
300.221  
84.336  
82.6908  
226.559  
51.6284  
12.2545  
19.9532  
288.373  
62.4784  
151.519  
372.57  
91.3915  
43.1003  
0.000654798  
73.2407  
402.963  
1276.83  
596.813  
276.849  
586.298  
465.729  
230.587  
247.495  
966.133  
633.151  
194.249  
247.651  
39.9714  
61.0325  
19.649  
122.62  
516.041  
259.118  
622.151  
419.487  
231.133  
94.5323  
18.5048  
87.4506  
169.048  
180.828  
49.4118  
192.063  
2.75115  
206.034  
225.273  
430.533  
14.7514  
43.0407  
87.7931  
48.0968  
238.978  
65.1925  
238.085  
10.4419  
81.1717  
169.786  
36.6698  
89.1461  
14.7391  
25.6293  
54.0573  
40.9907  
447.273  
80.7036  
88.3152  
44.9291  
217.257  
28.1196  
31.0358  
35.4857  
41.0173  
211.804  
26.1718  
10.3068  
197.167  
134.378  
62.1237  
