23.1146  
94.5705  
106.664  
267.004  
155.278  
153.702  
60.7984  
465.168  
217.637  
1.97627  
43.1749  
49.5055  
149.412  
538.877  
29.9152  
4.43045  
55.735  
2.49657  
126.613  
46.8595  
112.901  
73.5045  
60.3211  
70.5683  
6.0133  
43.7903  
48.8844  
3.41424  
3.50711  
2.57735  
40.3602  
1.99025  
26.5854  
2.77077  
87.2597  
133.656  
121.164  
88.8981  
105.39  
541.496  
79.4368  
40.2181  
18.9225  
131.187  
100.032  
112.183  
181.786  
58.9247  
12.6484  
23.6623  
153.897  
168.677  
66.7216  
229.756  
70.9185  
78.9996  
75.6276  
191.662  
152.579  
508  
81.5367  
33.7001  
5.31969  
273.274  
346.852  
67.5193  
645.696  
727.852  
231.323  
224.22  
412.154  
298.603  
340.891  
70.7971  
304.174  
31.4137  
666.855  
619.243  
216.854  
608.005  
11.0482  
8.94163  
443.682  
603.978  
705.597  
619.274  
647.29  
104.146  
108.625  
78.6084  
619.413  
