0.261236  
72.7325  
9.76628  
109.955  
590.709  
420.68  
563.064  
858.264  
11.456  
146.13  
720.157  
55.6525  
283.07  
129.641  
1012.09  
338.558  
84.8662  
21.3974  
259.853  
5.10532  
157.137  
9.90104  
251.992  
374.125  
155.12  
13.1501  
121.742  
397.465  
58.3875  
22.8525  
627.807  
561.619  
849.328  
143.617  
131.274  
144.2  
397.244  
127.797  
8.30855  
450.993  
142.019  
1011.43  
39.1003  
829.105  
134.121  
40.6002  
19.8624  
117.116  
68.4409  
0.682523  
97.9916  
119.652  
136.511  
263.093  
52.5092  
38.5506  
1.8959  
29.9494  
24.0299  
13.6612  
48.165  
101.956  
122.049  
94.9287  
347.173  
20.2459  
56.7306  
34.6087  
32.4614  
277.537  
49.708  
51.6494  
31.417  
56.3792  
31.9898  
79.4482  
125.602  
117.077  
72.6611  
102.864  
98.7435  
59.9244  
19.5391  
103.533  
40.699  
25.9078  
139.362  
3.20989  
183.098  
64.5224  
0.0470106  
