29.6657  
301.88  
635.759  
341.568  
329.68  
1156.46  
459.156  
378.814  
285.771  
1.35725  
334.825  
93.317  
342.145  
90.6855  
181.21  
138.626  
28.768  
318.653  
232.389  
161.383  
239.529  
116.218  
104.76  
53.8713  
413.433  
108.48  
147.325  
73.9104  
148.256  
226.247  
187.988  
375.696  
94.8889  
440.217  
60.5849  
179.272  
315.572  
86.9184  
91.0461  
16.7126  
160.961  
192.048  
259.616  
127.748  
251.214  
113.454  
103.186  
124.172  
121.275  
313.824  
75.8387  
94.7314  
69.8279  
21.156  
203.789  
114.364  
208.888  
101.872  
191.54  
43.6114  
60.9425  
183.546  
230.145  
280.877  
95.9652  
125.082  
89.7042  
161.229  
186.276  
80.4045  
389.852  
20.8533  
165.838  
134.702  
157.933  
265.216  
310.724  
52.8662  
101.793  
17.636  
113.071  
226.772  
48.3375  
114.864  
45.7106  
125.315  
137.676  
101.547  
133.368  
49.8952  
93.3996  
