41.6106  
50.1914  
174.032  
107.252  
1596.37  
106.107  
473.06  
2452.07  
822.23  
1169.37  
34.7316  
233.628  
681.537  
268.254  
1171.07  
235.715  
281.351  
449.495  
208.773  
201.383  
79.2821  
95.7897  
13.1539  
292.027  
127.283  
201.748  
186.822  
936.895  
190.746  
327.438  
156.772  
375.297  
117.752  
26.3102  
147.795  
53.083  
93.3845  
97.3023  
134.861  
38.5927  
65.9419  
96.3368  
61.2602  
6.00633  
44.2946  
332.521  
7.91127  
2.42042  
15.7762  
90.9366  
21.7352  
6.13111  
146.568  
38.8663  
33.0536  
163.08  
18.0946  
20.1783  
51.2006  
30.6305  
42.9201  
35.8666  
4.27115  
41.5579  
22.3361  
23.4895  
25.831  
56.4804  
14.3922  
67.4878  
18.3535  
8.2656  
5.42701  
11.8066  
8.57993  
45.9693  
14.556  
4.18138  
4.37473  
65.9896  
6.35543  
1.96241  
46.4595  
38.9125  
17.7862  
20.3326  
20.6472  
10.5716  
17.4407  
18.7463  
92.2823  
