7.00264  
10.4394  
26.1279  
145.798  
96.8668  
54.912  
154.344  
210.987  
91.4465  
346.648  
26.2872  
36.2529  
28.3308  
40.23  
477.047  
556.885  
28.4463  
746.965  
155.062  
173.669  
691.069  
181.628  
26.4116  
312.548  
451.361  
475.96  
460.601  
938.223  
26.0483  
1263.72  
374.083  
1148.88  
227.301  
132.035  
56.4139  
682.964  
206.007  
903.218  
333.311  
510.075  
88.9899  
27.4518  
211.281  
74.8193  
254.741  
43.1798  
31.6155  
191.157  
90.3355  
108.148  
191.998  
17.4683  
34.1072  
63.9765  
8.29495  
645.797  
2.67897  
148.461  
83.1538  
131.014  
5.97527  
23.443  
70.9178  
4.33682  
19.9182  
15.1445  
19.1945  
5.79657  
1.74825  
45.3514  
37.9242  
18.254  
55.242  
90.0597  
24.5837  
41.5807  
20.7561  
42.3333  
12.7597  
107.401  
56.7645  
62.7865  
25.8733  
14.9427  
44.5335  
38.3694  
76.8697  
90.6069  
40.8138  
13.4204  
158.057  
