19.2948  
226.655  
573.63  
214.869  
242.329  
337.079  
963.473  
598.091  
907.867  
258.238  
542.748  
188.338  
527.616  
409.346  
100.301  
784.899  
53.1854  
1307.12  
231.505  
202.048  
388.554  
189.63  
441.618  
141.47  
194.704  
14.1244  
186.139  
1057.63  
192.235  
357.62  
46.3084  
335.151  
118.266  
949.919  
626.796  
270.133  
1.99516  
406.832  
17.3307  
57.4606  
21.8393  
74.3921  
60.6252  
20.0534  
175.179  
15.6114  
136.433  
193.326  
7.06598  
93.4771  
95.6731  
6.17165  
5.56105  
102.029  
0.262145  
31.3024  
1.06009  
15.7441  
1.92363  
12.0634  
53.3931  
3.99255  
17.2064  
23.3393  
43.6405  
50.4117  
37.4693  
39.214  
19.6452  
50.9067  
4.51169  
3.06112  
40.1417  
18.9299  
40.4866  
42.2126  
13.1727  
49.2157  
69.9639  
2.52949  
5.56318  
10.782  
1.28316  
21.9759  
7.32123  
2.06009  
12.1848  
23.2959  
8.34892  
1.1989  
2.40734  
