16.1715  
22.3316  
215.736  
74.1242  
122.431  
19.8812  
55.3471  
585.63  
4.60562  
116.967  
21.8216  
0.0119752  
175.334  
121.891  
86.3595  
115.849  
66.2469  
0.406249  
35.8223  
92.9405  
61.1076  
98.699  
61.9862  
104.413  
538.848  
132.261  
37.6426  
13.0831  
107.324  
440.997  
29.0874  
135.991  
47.4973  
675.916  
95.9949  
393.9  
416.486  
1529.92  
398.192  
111.542  
78.8901  
24.527  
186.317  
248.108  
171.839  
21.2852  
132.504  
297.399  
76.9836  
131.608  
52.9621  
102.665  
60.429  
19.8018  
4.58491  
211.558  
59.58  
67.7598  
333.02  
342.33  
145.936  
28.266  
10.4809  
38.5567  
361.599  
84.5864  
82.6209  
421.57  
81.9233  
507.154  
205.747  
288.316  
22.2487  
39.9352  
129.987  
116.379  
491.262  
252.533  
32.8086  
292.402  
43.5168  
189.969  
487.3  
270.392  
550.491  
508.18  
97.4534  
142.657  
231.109  
296.364  
28.6089  
