3.50867  
7.72078  
37.5997  
107.546  
224.652  
3.94371  
185.742  
14.9734  
100.283  
103.009  
2.75402  
61.1713  
13.2429  
64.8526  
3.08164  
115.595  
8.83927  
42.9262  
8.31092  
42.0646  
5.55973  
12.3899  
157.161  
78.0825  
19.8084  
92.9544  
4.78789  
3.02488  
229.565  
20.4092  
29.2848  
14.3103  
174.887  
42.4761  
39.2811  
125.951  
99.7917  
376.709  
302.426  
50.5738  
26.4838  
142.873  
203.729  
34.7891  
69.0697  
196.765  
172.658  
240.454  
123.187  
557.784  
69.4526  
202.296  
59.3056  
65.8846  
123.102  
257.66  
36.5912  
252.105  
113.232  
338.834  
242.305  
39.206  
165.371  
57.1266  
581.069  
2.30681  
1184.18  
190.515  
88.7709  
446.037  
537.304  
8.24185  
200.245  
418.83  
324.362  
58.8381  
508.553  
680.572  
86.3532  
364.041  
53.3949  
41.2182  
110.845  
85.9549  
315.259  
276.284  
562.86  
436.061  
851.945  
491.842  
1487.2  
