6.62124  
102.693  
61.8976  
452.655  
259.542  
33.6054  
261.925  
318.158  
200.404  
627.957  
1.38358  
512.017  
68.4622  
81.3489  
54.2979  
11.583  
110.744  
186.447  
41.4281  
119.277  
218.321  
52.0966  
41.145  
22.7581  
33.1542  
287.728  
249.018  
105.293  
236.132  
3.46363  
60.9226  
105.435  
135.462  
83.747  
616.665  
123.398  
56.2394  
1017.22  
6.84195  
371.883  
51.7553  
400.578  
152.078  
281.782  
85.5239  
72.3713  
46.1576  
14.5627  
5.15197  
105.295  
109.189  
122.782  
149.163  
253.109  
267.328  
35.1786  
33.0992  
124.313  
31.9726  
125.362  
16.8549  
168.963  
182.234  
57.6615  
297.43  
58.0227  
71.179  
368.123  
211.488  
411.863  
414.687  
548.009  
9.068  
110.889  
206.006  
67.2737  
163.963  
285.392  
52.7007  
85.1629  
44.3228  
565.137  
300.963  
74.6056  
12.1218  
157.437  
387.487  
428.037  
494.54  
267.663  
291.183  
