7.45621  
68.9194  
1662.35  
498.526  
608.821  
399.796  
109.058  
1406.43  
518.384  
1125.99  
238.141  
103.648  
675.37  
912.219  
240.214  
603.436  
147.346  
778.567  
54.3354  
92.3143  
201.571  
73.0328  
351.22  
488.949  
80.3589  
362.385  
82.7845  
477.678  
331.881  
513.074  
180.591  
17.721  
205.975  
77.2906  
359.041  
237.743  
49.1551  
97.7397  
43.8449  
43.8684  
58.5312  
473.303  
62.1424  
169.342  
152.87  
55.5828  
58.3295  
176.467  
2.72368  
7.9646  
33.913  
0.829552  
17.8965  
58.676  
23.1396  
46.4156  
3.85972  
34.9895  
6.21661  
5.09679  
22.1172  
9.21429  
10.302  
13.8222  
12.4063  
2.74857  
19.882  
0.941931  
23.0304  
14.7792  
7.75746  
30.1444  
1.93027  
28.1698  
14.3599  
9.54131  
31.7699  
29.3989  
3.09987  
10.9285  
57.6168  
1.6665  
30.777  
6.06068  
14.5189  
9.9793  
3.28742  
34.1958  
22.2227  
18.512  
0.606199  
