40.1479  
5.57433  
268.483  
356.124  
319.518  
1417.41  
261.225  
1222.35  
441.94  
1787.05  
19.5743  
86.3199  
796.825  
113.135  
1528.76  
978.13  
275.887  
514.451  
172.621  
278.586  
223.792  
432.6  
20.1069  
212.555  
140.79  
128.748  
291.369  
335.357  
11.8102  
468.401  
43.2246  
136.213  
294.528  
163.866  
49.211  
245.367  
8.63884  
41.8249  
17.4559  
90.4924  
199.582  
116.678  
65.9213  
19.3179  
265.484  
43.2481  
4.81554  
219.813  
93.3555  
18.8379  
46.02  
84.9843  
3.53996  
8.74676  
13.9175  
38.8158  
7.98737  
1.77868  
16.7066  
114.387  
0.376857  
25.1775  
2.04085  
6.36321  
116.089  
6.54112  
34.5  
19.7895  
21.8407  
119.358  
18.4386  
1.45598  
40.1167  
46.0222  
0.293825  
94.7054  
49.0213  
5.94341  
10.818  
17.8596  
16.8755  
6.61372  
30.2377  
13.3152  
10.7478  
0.194822  
29.1235  
38.048  
42.3908  
16.074  
12.448  
