20.7783  
328.6  
185.006  
96.4682  
603.038  
739.952  
488.616  
86.4478  
54.1567  
323.556  
96.6212  
243.39  
464.227  
10.8996  
667.648  
86.8931  
570.31  
18.6547  
178.388  
66.2569  
320.448  
153.644  
335.313  
600.868  
150.253  
416.683  
35.1135  
1291.39  
31.4988  
108.201  
129.734  
482.743  
505.607  
29.6346  
414.791  
143.107  
87.5308  
692.86  
168.639  
13.7443  
47.6859  
678.974  
177.845  
868.876  
330.328  
35.8971  
45.2069  
72.7522  
183.849  
1.53998  
175.62  
11.9133  
118.882  
54.9372  
18.6553  
122.516  
8.79671  
49.3936  
54.8952  
13.9069  
66.1251  
1.97227  
76.6834  
168.45  
201.147  
10.5604  
22.3391  
29.2668  
23.7714  
116.058  
15.2343  
26.0964  
17.2277  
20.9578  
43.368  
8.4893  
47.1937  
20.0305  
59.6341  
80.5045  
12.3262  
157.697  
107.21  
9.97663  
15.7306  
92.7267  
180.317  
46.9861  
185.999  
92.4022  
0.689888  
