37.388  
12.5232  
232.481  
90.1105  
322.772  
759.201  
366.263  
27.5577  
485.538  
220.616  
22.3761  
393.944  
152.436  
129.876  
493.944  
528.111  
444.828  
214.498  
380.06  
387.462  
500.249  
397.277  
11.0069  
23.5256  
6.93276  
486.723  
77.605  
45.2636  
125.612  
74.5483  
310.564  
4.17778  
1269.48  
21.3739  
11.0075  
479.951  
76.2702  
1005.67  
674.247  
42.4171  
18.9468  
109.581  
173.178  
54.036  
104.08  
234.759  
208.192  
308.76  
1.27623  
146.835  
356.18  
107.4  
13.7391  
12.0089  
183.888  
77.3091  
202.991  
47.8714  
181.505  
161.52  
54.5925  
101.535  
9.93149  
41.5828  
203.181  
115.859  
304.101  
47.9347  
40.3894  
37.53  
58.6595  
217.789  
115.544  
197.581  
57.9254  
111.606  
53.7731  
85.9209  
164.728  
68.3227  
24.1464  
5.57222  
13.7533  
54.0807  
24.0894  
40.0621  
4.42044  
110.991  
49.8737  
3.10562  
4.95528  
