8.72229  
32.4684  
641.774  
457.509  
772.896  
1919.42  
45.3585  
42.3744  
349.342  
1016.75  
40.6516  
29.6069  
664.596  
189.563  
73.9308  
1425.42  
80.0155  
990.677  
16.2945  
488.026  
920.94  
50.2643  
1183.42  
236.182  
8.658  
13.6166  
3.72848  
150.183  
305.596  
42.3225  
15.2405  
84.8084  
348.004  
61.1812  
646.598  
13.5778  
41.2352  
283.916  
75.8114  
259.322  
120.052  
56.9438  
151.927  
152.79  
45.353  
47.2738  
68.5931  
330.105  
100.29  
46.7695  
84.5549  
1.68107  
91.1285  
73.2579  
24.5808  
67.6458  
68.912  
57.266  
16.5891  
123.4  
3.3404  
47.1296  
5.23955  
8.52197  
24.3664  
78.0722  
24.1566  
36.6988  
24.8714  
4.36166  
17.9293  
6.74802  
43.0442  
33.4869  
23.5469  
1.74428  
27.33  
8.0182  
10.8447  
56.0018  
2.72346  
59.7378  
20.413  
9.18984  
6.49605  
8.63319  
19.0493  
29.3301  
49.2443  
19.91  
3.43479  
