18.5637  
73.1384  
273.067  
62.9369  
511.032  
255.327  
120.133  
88.708  
196.875  
295.381  
58.2246  
11.8073  
9.35925  
27.1916  
312.445  
151.037  
610.379  
400.665  
91.7079  
199.017  
19.6431  
315.324  
79.4285  
22.6048  
887.658  
322.459  
247.862  
503.645  
74.529  
743.227  
346.319  
228.776  
283.585  
178.405  
98.522  
523.016  
92.7955  
242.401  
303.738  
364.602  
55.606  
121.582  
121.121  
171.95  
211.674  
253.809  
53.668  
33.9317  
97.2956  
603.186  
426.23  
82.3062  
17.1555  
99.8506  
40.4808  
102.497  
81.8079  
91.0107  
251.315  
102.822  
103.888  
102.165  
125.752  
21.4606  
102.806  
6.8434  
511.544  
52.363  
70.6217  
63.545  
139.028  
34.3085  
224.103  
275.969  
53.8002  
16.1318  
40.6003  
137.133  
19.1716  
280.47  
8.26504  
49.7729  
451.164  
67.9542  
200.647  
244.477  
104.652  
42.797  
20.7184  
113.292  
241.448  
