3.41223  
105.557  
33.8357  
198.766  
129.625  
774.617  
1274  
104.679  
256.213  
251.835  
282.839  
465.841  
598.327  
304.464  
109.594  
357.709  
180.708  
243.886  
73.5665  
995.628  
963.797  
15.314  
27.1502  
145.508  
59.7555  
358.332  
106.517  
135.331  
1056.87  
1068.43  
194.802  
412.136  
331.8  
150.694  
142.864  
570.777  
217.389  
340.317  
197.098  
53.7435  
11.8467  
414.897  
196.859  
41.8896  
352.858  
146.368  
273.167  
44.5081  
31.0872  
52.08  
57.1419  
69.8999  
18.039  
57.0537  
1.44886  
63.3317  
7.71348  
51.1158  
15.6325  
86.0178  
10.7523  
53.2941  
35.7967  
38.1316  
18.6609  
6.0959  
149.436  
10.4097  
24.3357  
26.9933  
7.30829  
18.4405  
30.0381  
37.0917  
68.8638  
88.7334  
45.7562  
40.0645  
81.5695  
9.94987  
8.13931  
9.56275  
12.1274  
126.149  
47.814  
17.4512  
21.4041  
74.1866  
33.6613  
20.1373  
23.9285  
