7.55936  
84.8634  
145.314  
228.241  
1085.79  
92.9947  
560.776  
132.057  
587.896  
182.151  
158.647  
23.9655  
219.878  
298.278  
425.4  
46.1005  
55.7739  
169.508  
156.92  
104.359  
240.001  
130.36  
12.9609  
75.0836  
24.6285  
214.97  
17.3018  
38.4371  
200.348  
347.037  
126.643  
31.819  
53.2811  
401.266  
229.265  
121.549  
130.462  
1411.92  
444.382  
417.079  
37.4382  
18.7905  
296.296  
246.337  
192.148  
345.957  
76.5381  
203.571  
8.19412  
188.333  
149.494  
82.4426  
12.679  
94.5899  
9.5153  
187.898  
250.388  
4.08879  
60.7317  
276.979  
499.847  
120.949  
85.7318  
124.008  
108.078  
16.795  
63.267  
195.779  
160.317  
277.096  
67.9499  
14.8396  
13.9812  
119.908  
350.356  
202.248  
117.121  
60.2577  
150.955  
203.424  
59.7885  
27.2366  
33.7107  
246.936  
258.112  
313.934  
1.44874  
71.1901  
200.862  
13.1517  
228.083  
