4.23627  
365.949  
523.615  
115.504  
204.118  
488.359  
890.693  
666.559  
313.493  
211.586  
40.5299  
245.105  
620.945  
56.1948  
15.3734  
239.374  
241.849  
692.971  
171.516  
83.4842  
544.579  
492.643  
421.302  
100.447  
81.403  
732.415  
41.9059  
464.273  
297.774  
1007.3  
131.453  
461.716  
197.381  
190.073  
320.514  
445.99  
786.607  
85.0562  
7.75601  
28.883  
326.162  
57.0642  
339.463  
147.217  
33.3394  
257.392  
120.66  
32.5314  
78.4994  
88.4677  
191.348  
42.1096  
216.181  
32.3677  
7.80118  
4.50707  
13.497  
157.094  
22.0647  
30.0898  
1.26326  
13.9894  
125.493  
14.7921  
21.7389  
55.003  
133.822  
23.1239  
86.0041  
15.2844  
34.5834  
34.2682  
7.63865  
26.8501  
18.5988  
29.1457  
6.89317  
62.3302  
4.51906  
64.0608  
29.5958  
46.1465  
13.0149  
30.1419  
16.9663  
7.45782  
32.6562  
71.1321  
43.3709  
120.678  
103.303  
