1.79861  
44.8131  
319.02  
281.033  
72.5128  
231.262  
75.984  
20.2565  
2.93701  
161.987  
4.57355  
19.2224  
54.0406  
28.7457  
250.373  
120.258  
133.319  
43.3823  
167.558  
67.8107  
106.229  
245.86  
308.643  
66.5108  
242.328  
25.8144  
61.7197  
31.2618  
555.001  
132.547  
259.967  
244.883  
7.47228  
232.063  
31.5818  
179.936  
129.626  
18.5802  
25.3775  
68.6718  
122.49  
159.984  
140.18  
13.3095  
5.53028  
192.875  
29.5739  
138.577  
8.1847  
104.584  
9.97792  
186.836  
163.516  
87.8413  
118.009  
162.167  
22.8596  
239.397  
433.947  
334.654  
298.182  
18.0454  
202.927  
20.6386  
257.911  
24.6022  
344.159  
25.05  
419.236  
345.796  
308.79  
199.458  
441.684  
326.432  
139.981  
53.1121  
181.848  
474.439  
180.702  
683.121  
7.26184  
70.173  
107.561  
291.389  
639.28  
642.76  
191.03  
163.663  
921.945  
137.732  
1205.28  
