35.3893  
0.0721963  
18.1217  
416.989  
60.6218  
390.862  
165.921  
162.308  
1333.79  
64.4765  
152.773  
255.635  
213.988  
425.388  
11.682  
210.334  
351.6  
61.4632  
1.89482  
148.208  
212.699  
311.485  
18.2236  
624.685  
14.3556  
349.219  
264.357  
212.117  
225.152  
290.689  
48.7125  
666.749  
83.2637  
67.9265  
483.781  
142.674  
12.0736  
128.32  
64.0477  
102.471  
13.5113  
455.192  
145.778  
162.393  
153.921  
224.92  
446.011  
190.837  
28.007  
305.999  
178.132  
27.9875  
254.458  
118.386  
96.8062  
183.714  
2.48775  
52.3747  
204.236  
721.088  
168.023  
20.6205  
125.633  
140.997  
184.827  
79.6885  
21.191  
117.141  
43.8339  
46.1463  
30.3135  
37.3808  
48.6497  
104.491  
160.833  
75.1312  
106.66  
149.025  
66.6573  
385.198  
32.9267  
38.651  
50.9884  
78.5281  
566.831  
193.063  
156.129  
76.0917  
302.568  
48.2547  
87.5428  
