0.700931  
13.5954  
35.8572  
220.172  
103.038  
78.7869  
134.517  
22.6112  
419.816  
383.989  
67.0028  
12.2854  
126.879  
112.104  
125.418  
196.586  
3.26587  
41.2805  
15.3936  
175.224  
27.9328  
69.3277  
268.757  
150.126  
132.556  
50.9862  
31.1118  
115.279  
802.399  
220.287  
60.9305  
413.404  
28.9518  
140.808  
163.768  
239.874  
193.182  
132.5  
116.953  
55.2295  
18.7677  
76.0565  
95.7578  
157.554  
283.013  
23.3939  
172.281  
10.8586  
248.241  
249.552  
64.5605  
10.4705  
124.731  
19.1227  
178.76  
166.617  
121.661  
15.3191  
279.74  
467.773  
121.568  
132.386  
60.6588  
319.767  
72.164  
53.445  
710.605  
100.55  
106.6  
103.865  
425.822  
126.519  
33.1413  
148.029  
370.55  
4.63993  
290.532  
581.248  
16.7851  
593.875  
116.722  
468.371  
737.335  
69.3797  
56.8719  
429.421  
307.314  
171.345  
722.368  
325.318  
413.373  
