7.85049  
32.3663  
134.722  
4.67144  
234.946  
36.6358  
54.4096  
104.647  
419.438  
201.735  
164.446  
72.9921  
195.403  
237.584  
353.799  
37.3953  
111.882  
162.595  
454.849  
115.182  
398.977  
279.504  
231.936  
13.1843  
124.178  
297.292  
40.5549  
74.552  
570.954  
210.255  
199.881  
153.802  
734.866  
906.268  
53.7664  
589.695  
424.833  
1953.58  
227.656  
298.835  
25.3253  
139.192  
136.855  
2.5348  
751.551  
177.557  
358.848  
314.688  
13.3828  
107.708  
227.538  
82.5624  
51.2822  
48.6929  
41.9964  
49.3351  
15.346  
6.09993  
42.1939  
166.889  
0.257643  
210.412  
113.876  
9.54799  
86.1096  
13.9031  
82.4381  
162.652  
58.1547  
95.1888  
68.0089  
67.0209  
23.2117  
28.1059  
215.929  
15.1114  
106.975  
148.536  
132.715  
85.6785  
109.413  
151.388  
96.0957  
171.158  
58.2825  
142.462  
100.388  
7.5744  
88.8803  
85.8881  
107.882  
