41.8392  
307.408  
425.841  
201.889  
1679.63  
1081.63  
1581.2  
566.673  
199.99  
24.2107  
385.016  
456.734  
1052.98  
722.239  
873.753  
871.883  
259.277  
23.2523  
442.545  
39.6368  
1165.57  
323.985  
42.8681  
61.1057  
846.217  
174.514  
150.656  
190.162  
1.60555  
222.613  
19.3765  
239.243  
55.0007  
164.081  
107.804  
269.22  
247.201  
84.0333  
9.15459  
50.5512  
34.8481  
12.383  
26.234  
40.3577  
42.3021  
21.4905  
6.31612  
18.989  
18.1152  
66.8947  
3.40987  
48.1002  
11.9684  
12.82  
2.67412  
6.8207  
17.7852  
24.359  
6.63354  
19.1551  
53.9636  
19.4802  
0.444257  
0.761757  
38.5986  
9.96351  
25.9153  
3.05246  
1.50193  
5.02042  
1.9863  
8.71835  
23.9237  
29.9875  
26.4984  
3.80152  
1.15343  
10.5753  
4.28498  
3.98025  
0.630886  
0.550829  
0.627561  
11.8281  
19.4024  
9.07749  
8.39042  
4.96234  
27.2341  
6.91599  
7.03685  
