31.8354  
768.986  
990.652  
393.668  
196.166  
40.0794  
50.1552  
421.779  
848.676  
355.634  
192.52  
505.522  
321.337  
233.604  
1171.53  
1897.87  
810.304  
536.69  
117.768  
1771.19  
149.838  
37.6646  
152.658  
104.92  
535.603  
27.7362  
212.539  
124.068  
457.479  
85.8457  
74.2404  
5.21919  
107.387  
210.278  
39.5973  
203.844  
55.7052  
26.2766  
12.8393  
413.177  
20.505  
333.33  
12.2383  
82.9132  
132.827  
15.1549  
69.3467  
73.0032  
19.7927  
38.6753  
2.76634  
34.1799  
112.667  
170.356  
12.8751  
31.4385  
24.136  
31.7393  
19.6705  
41.3043  
24.5253  
3.92157  
3.81682  
3.69357  
8.49083  
8.44747  
19.7484  
6.63467  
1.69649  
15.475  
19.3254  
7.8349  
16.6776  
65.956  
22.82  
8.73274  
0.157845  
23.6948  
25.9582  
12.8134  
4.94682  
4.0716  
2.07903  
31.4177  
40.3481  
20.2087  
34.5133  
26.8956  
16.5404  
17.3972  
0.71788  
