29.9879  
114.666  
114.42  
161.2  
751.975  
4093.3  
688.659  
1991.57  
139.444  
132.398  
240.734  
575.315  
137.322  
743.521  
68.7962  
612.34  
474.035  
540.114  
30.492  
402.7  
517.813  
229.319  
132.053  
513.283  
313.439  
67.6272  
18.4219  
145.477  
253.232  
232.27  
94.1686  
472.467  
160.128  
43.3094  
10.7286  
180.166  
36.4896  
31.4851  
73.8059  
34.5837  
13.7534  
59.6209  
5.00159  
7.83802  
6.80296  
23.8006  
68.7942  
1.71081  
21.9013  
21.0364  
15.6963  
33.2434  
20.6401  
4.9419  
5.56964  
66.3504  
8.64831  
72.7311  
13.3557  
22.722  
23.6373  
1.77543  
15.1012  
32.582  
26.8461  
3.99044  
10.3977  
5.87029  
10.0104  
30.2035  
3.46356  
2.78531  
1.25821  
1.23413  
12.4933  
23.5345  
4.51952  
17.6133  
9.20564  
21.4075  
5.0801  
2.24406  
1.21849  
22.2411  
3.9618  
22.8436  
9.67427  
5.92182  
9.39936  
29.73  
6.67867  
