1.97974  
153.755  
142.076  
3.95824  
90.3057  
378.355  
17.4841  
72.1857  
124.774  
84.5777  
16.6205  
127.579  
43.3658  
44.9612  
103.724  
116.134  
468.68  
131.794  
137.881  
18.271  
258.597  
63.9031  
75.8753  
227.872  
26.0666  
153.345  
46.7522  
65.616  
34.07  
306.248  
45.0883  
46.55  
13.3326  
249.971  
71.6848  
673.151  
109.766  
913.164  
14.7687  
84.3293  
2.53791  
138.689  
53.282  
28.1551  
13.239  
114.059  
18.414  
39.2435  
8.8518  
313.642  
124.232  
236.241  
65.8042  
65.8951  
14.7693  
733.949  
28.2515  
111.595  
215.599  
813.25  
394.823  
44.2001  
55.5979  
15.7485  
131.387  
123.191  
222.232  
517.517  
86.9746  
178.768  
350.788  
161.938  
182.883  
537.602  
604.706  
41.2615  
124.599  
560.89  
270.941  
589.601  
18.3204  
110.191  
186.141  
680.448  
325.08  
522.896  
18.6194  
2.94478  
441.291  
36.4325  
69.3511  
