0.869316  
1.24705  
1.03621  
0.309303  
-0.361967  
-0.637461  
-0.273374  
0.471584  
-0.0931881  
-0.948157  
-0.797845  
-0.393998  
-0.685926  
-0.432528  
-0.279984  
-0.54931  
0.0231272  
1.61489  
2.1526  
1.65438  
0.177856  
-1.05083  
-1.44215  
-1.37799  
-1.09431  
-0.371216  
0.511964  
0.904049  
0.99729  
0.261648  
-0.522401  
-1.35388  
-1.25864  
-0.596904  
-0.355519  
-0.72179  
-1.22985  
-1.15535  
-0.839696  
-0.574489  
-0.180594  
0.670521  
1.77751  
1.95861  
1.42073  
-0.0295017  
-1.36042  
-1.9537  
-1.34842  
-1.05233  
-1.20541  
-0.358635  
0.218102  
0.931026  
1.16945  
1.14089  
0.635236  
-0.536651  
-1.60624  
-1.06564  
-0.961551  
-0.583325  
-0.118019  
0.1774  
0.502182  
0.910651  
0.936482  
0.822017  
0.712171  
1.03798  
1.35682  
1.24586  
0.838507  
0.366376  
0.271455  
0.779982  
1.17303  
1.47656  
1.79458  
1.95247  
2.00262  
1.8346  
0.583563  
-0.674026  
-1.11641  
-0.126094  
0.343401  
-0.0290255  
-0.396131  
0.00758408  
0.66891  
0.965855  
0.545962  
-0.540613  
-1.24548  
-0.960443  
-0.31453  
-0.194566  
-0.764102  
-0.898117  
-0.810545  
-0.689079  
-0.978718  
-1.41311  
-1.38496  
-1.15401  
-0.736234  
-1.04129  
-1.17596  
-1.0044  
-1.13829  
-1.14659  
-1.14752  
-1.13586  
-0.980466  
-0.728226  
-0.998026  
-1.30228  
-1.38502  
-1.04786  
-0.309694  
1.00128  
1.70189  
2.13586  
2.43564  
2.48705  
2.18532  
1.46445  
0.596885  
-0.641113  
-0.589742  
-0.259978  
-0.396493  
-0.63081  
-0.403192  
0.248412  
0.836888  
0.946611  
0.795113  
0.456569  
0.358279  
0.482978  
1.21425  
1.813  
1.9601  
1.36884  
0.562779  
-0.248759  
-0.675811  
-0.496097  
-0.682829  
-0.167314  
-0.193625  
-1.09908  
-1.62546  
-1.31871  
-0.732839  
-0.403891  
-0.502208  
-0.486592  
-0.291731  
0.195987  
1.103  
1.26511  
1.09038  
0.0910675  
-0.561115  
-0.516885  
-0.0570255  
-0.144479  
-0.799116  
-0.792934  
-0.432768  
-0.370497  
0.173538  
0.643236  
0.713377  
0.353482  
0.0629715  
-0.0282538  
0.104546  
-0.0330523  
