1.4239  
1.29588  
1.02916  
-1.06906  
0.293661  
-1.37963  
0.152433  
0.0981689  
-1.40518  
0.459701  
-0.138722  
-0.0826343  
-1.08513  
1.01492  
-1.28308  
-0.895579  
-0.319869  
1.44493  
-0.275722  
0.235425  
0.784089  
-1.2368  
-0.774798  
-0.0717067  
-1.04989  
2.26715  
-1.20317  
1.4184  
0.474736  
0.610536  
-2.5569  
0.424117  
-0.521642  
0.0266  
-0.614686  
0.472629  
-0.0470035  
-0.958038  
1.30101  
-1.1814  
0.951182  
-0.051738  
1.25231  
-0.734794  
2.04415  
-1.84448  
0.849719  
-0.742736  
1.16988  
0.415164  
0.425423  
0.406267  
-0.754288  
1.79809  
0.399629  
1.37677  
-0.804169  
0.0234342  
-0.147387  
-2.79924  
-0.547011  
-0.72586  
1.83163  
-0.578567  
-0.46695  
-0.341486  
1.46566  
0.108461  
-1.40088  
1.51685  
0.945337  
-0.273066  
0.77363  
-0.42409  
-1.06301  
-0.916979  
0.026735  
-0.403949  
1.55725  
-1.73089  
-0.0303195  
0.750445  
1.75619  
-1.98308  
-1.1588  
1.17933  
0.819804  
-1.14119  
0.543986  
0.0418753  
-0.190068  
1.59017  
-1.58054  
-1.53905  
1.00032  
0.491389  
-0.00388856  
-0.0326458  
-1.74159  
0.506943  
-0.982634  
0.734451  
-1.83496  
-0.268458  
-0.776582  
0.176021  
0.251772  
0.154834  
-1.22432  
-0.291171  
1.10963  
-0.236499  
0.0863999  
0.370723  
-0.460647  
0.799753  
-1.09086  
1.34548  
0.522639  
0.635944  
0.248996  
1.27885  
-0.768568  
1.39967  
-0.29317  
1.08702  
-0.588964  
1.17633  
1.44872  
0.220703  
-1.25085  
0.369187  
0.322909  
-1.07156  
-0.333031  
0.524623  
0.0532718  
0.879259  
-0.501348  
-1.02853  
0.629173  
-0.41388  
1.27404  
1.1673  
-0.416459  
-1.52616  
-0.0266774  
-1.15825  
0.605283  
0.111984  
-1.04742  
0.597989  
-0.982688  
0.679802  
-1.18645  
0.596561  
0.955268  
-1.0252  
0.976489  
-0.674222  
1.35775  
-1.60451  
0.767027  
-1.16046  
1.4202  
-0.736659  
-0.8186  
-0.136727  
-0.555664  
1.05718  
-2.19037  
0.78671  
-0.74515  
1.01978  
0.136387  
-0.483652  
1.69022  
0.0516512  
-0.390247  
0.633201  
-0.625157  
0.253468  
