-0.373308  
-0.29938  
1.56143  
1.90801  
1.53399  
0.131378  
-0.0118897  
1.45236  
0.528847  
-0.0514696  
-1.03421  
-0.961822  
-1.19282  
-0.592777  
-0.270495  
0.114081  
-0.688342  
-0.868297  
-1.85484  
-0.564799  
-0.0956222  
0.244433  
0.698377  
-0.291372  
-1.16151  
0.366521  
0.115916  
-0.625383  
0.126729  
-0.109665  
-0.742443  
0.418991  
0.289655  
-0.236587  
0.0707639  
-0.057933  
-0.0284094  
0.324587  
0.402846  
0.108835  
-0.0325641  
-0.472455  
1.12132  
0.944394  
2.27708  
0.0570508  
-0.734769  
-2.30633  
-1.8006  
-0.621913  
0.0144735  
1.14194  
0.998203  
0.231781  
-0.478422  
-0.862241  
0.344684  
-0.136635  
-0.406011  
-0.474794  
-0.659131  
0.138141  
1.11061  
0.782499  
1.02347  
0.922322  
0.662221  
0.867553  
0.129953  
-0.16236  
-0.165605  
-0.613743  
-0.830134  
-0.809486  
-0.319593  
-0.291925  
-1.31482  
-0.549309  
0.669113  
-0.655963  
0.185336  
0.0743624  
-0.764264  
-1.17566  
0.0546686  
0.90119  
1.38743  
0.81218  
1.49656  
1.62051  
1.63729  
1.59599  
1.54204  
1.0795  
0.0359642  
-0.520207  
-0.321656  
-0.054733  
-0.971176  
-0.312506  
-0.258038  
0.220977  
-0.448476  
0.501552  
-0.508483  
-0.138503  
0.387756  
0.258982  
0.686655  
0.211956  
-1.38698  
-0.52908  
-0.527293  
-0.023196  
-0.577469  
-0.480051  
-0.891194  
-0.141218  
-1.72348  
-0.850952  
-0.550167  
-0.216427  
-1.50927  
-1.19915  
-0.8157  
0.361872  
0.715479  
0.393424  
-0.537161  
-1.06322  
-0.523484  
0.650836  
1.73168  
2.16444  
1.17607  
0.578259  
-0.349191  
0.939501  
2.06267  
2.55501  
1.83831  
-0.52479  
-0.658847  
-0.0238729  
0.393085  
0.326371  
-0.61164  
-1.70986  
-0.882397  
-0.417212  
-0.576674  
-0.704803  
-1.1371  
-1.28697  
-1.92544  
-1.75468  
-1.72488  
-1.53827  
-1.12036  
-1.38816  
-0.580185  
0.0388734  
1.61819  
1.35738  
1.94844  
2.25945  
1.79986  
1.6828  
1.25393  
1.97842  
1.53522  
2.06077  
0.258198  
-1.37406  
-1.55932  
-0.838355  
-0.158917  
-0.531736  
-1.38569  
-0.676266  
-0.424113  
-0.508824  
