0.659169  
-1.44723  
0.581333  
0.0792636  
-0.630088  
0.385869  
-1.17009  
0.461081  
0.996286  
0.774476  
-0.598454  
1.15148  
1.11395  
-0.583249  
-1.23043  
0.507871  
-0.266382  
-0.911965  
0.491388  
0.544825  
-0.645236  
-0.0476813  
-0.438424  
0.715513  
0.411639  
-1.29144  
0.132562  
1.0338  
-0.569022  
-1.75116  
1.14829  
1.62482  
0.154322  
-1.23731  
0.595217  
0.417423  
-0.601874  
-0.145567  
-0.567908  
-0.139289  
0.159339  
-1.33756  
0.899885  
1.61246  
-0.778845  
0.62381  
0.101537  
-0.481158  
-0.498154  
0.78785  
0.288779  
-0.140043  
0.403289  
0.7064  
0.159433  
0.661304  
-0.126333  
0.648217  
0.659733  
0.297382  
-2.0345  
-0.959108  
0.14562  
0.481272  
-1.21163  
-2.77016  
-1.017  
1.50548  
2.32183  
0.777145  
0.439268  
-0.346068  
-1.32898  
1.17072  
0.818591  
-0.387856  
-0.392675  
-1.70855  
-0.511008  
0.585221  
-2.3142  
-0.361518  
-0.296107  
0.744579  
-0.864844  
1.94981  
0.780761  
2.08989  
0.160646  
-0.494745  
-1.77877  
-0.57236  
0.947564  
0.790148  
0.014839  
0.163518  
-1.39482  
1.35955  
1.88585  
1.27711  
-0.802469  
-0.131872  
1.02003  
-0.896106  
-0.802881  
-1.34683  
0.374253  
-0.308342  
-0.789877  
-0.484261  
0.0316308  
0.501685  
1.45538  
-0.514688  
-1.75619  
0.881099  
1.79104  
0.00643035  
0.673563  
0.00589527  
-1.78452  
1.11468  
1.68766  
-0.454838  
-0.743364  
-1.8776  
-0.437601  
-1.41894  
-0.198376  
0.0741516  
1.20928  
0.386486  
-0.614592  
-1.07299  
-1.30603  
1.60383  
1.64344  
0.504474  
0.204067  
-1.21149  
0.988026  
-0.00348119  
-0.317592  
-0.811271  
-0.241317  
-1.5831  
1.74076  
2.00628  
-0.0394527  
-1.0506  
-2.16676  
0.864901  
1.24322  
0.848838  
-0.331928  
-1.94191  
-0.29895  
-0.757435  
-0.0658723  
0.749742  
-0.0590695  
-1.09932  
-0.0593634  
1.00767  
0.00443187  
-0.670822  
-0.889001  
0.922347  
0.488428  
0.176096  
0.97569  
0.945424  
-0.648581  
-0.412309  
0.36355  
1.42304  
-0.373071  
-1.09262  
-1.35025  
1.10429  
1.03636  
-0.859895  
