1.99166  
-0.553224  
1.71212  
0.247482  
0.729789  
0.569861  
-1.10515  
1.13533  
-0.753295  
1.14733  
-0.758462  
-0.259309  
-0.628378  
0.895868  
-1.44222  
0.366662  
-1.26668  
0.786724  
-1.70687  
0.161679  
-1.7649  
0.118502  
-0.357942  
0.651652  
-0.581869  
-0.290755  
1.04198  
-0.440364  
0.858445  
-1.02231  
1.21567  
-1.47099  
-0.120575  
-1.7855  
-0.824721  
-2.01988  
0.00249897  
-0.940601  
-0.284929  
0.91384  
0.579918  
0.328581  
0.069311  
0.503984  
0.232426  
0.966305  
-0.323395  
1.04019  
-0.807183  
1.4648  
-1.72622  
0.462905  
-0.497884  
1.48812  
0.887111  
-0.635417  
0.69428  
-1.34112  
0.539693  
-0.782022  
-1.20203  
-0.496673  
-0.0994837  
0.525943  
0.129209  
0.270941  
0.0546983  
1.71657  
1.10665  
-0.360179  
1.29366  
0.741776  
-0.930802  
0.839374  
-0.861692  
-1.02524  
2.40422  
-1.3509  
0.217203  
0.0232207  
-0.721588  
1.05239  
-0.920719  
-0.568717  
-0.761608  
-1.60315  
0.740945  
-0.0413704  
-1.80972  
1.13621  
0.950313  
-0.46751  
0.69605  
-1.18953  
0.038543  
1.65917  
-1.14238  
1.33956  
-0.90229  
0.740505  
0.458866  
-0.41848  
-0.307377  
-1.12097  
1.94771  
0.0663637  
0.186715  
1.11991  
0.210737  
0.762668  
-1.10352  
0.583581  
-2.52354  
0.630242  
-1.39132  
-0.206368  
0.22938  
1.13307  
-1.64103  
0.194463  
-1.0656  
0.836238  
0.373906  
-1.44101  
1.10445  
-0.434775  
0.806323  
-1.58141  
-0.919807  
0.550789  
0.986274  
-1.36351  
1.81203  
0.165222  
-0.566008  
1.03656  
0.583302  
1.12995  
-0.478274  
-1.02073  
1.96173  
0.776276  
-0.903747  
1.45372  
0.371464  
-0.645458  
0.650704  
0.292916  
-1.36617  
1.38069  
-1.33249  
0.0227895  
0.066302  
0.329356  
-0.621114  
-1.75999  
1.35809  
-0.220345  
-0.197614  
0.212149  
-1.6749  
1.78194  
-0.904228  
0.60056  
-0.3577  
1.34162  
-0.749831  
0.345313  
0.101718  
-0.806229  
-0.357502  
1.1281  
0.550687  
-1.45125  
0.826524  
0.0751734  
-1.07355  
1.05546  
-1.56201  
0.486547  
0.183008  
0.77214  
