2.36362  
0.49816  
1.26084  
0.00847107  
-0.441385  
-1.05211  
-1.27903  
-0.756023  
-1.42282  
0.360026  
0.15245  
-0.149026  
-1.46153  
0.30768  
-0.0324677  
-0.691677  
-0.952483  
0.464801  
0.471442  
-0.563399  
-1.09342  
0.987426  
0.581091  
0.615469  
-0.474292  
0.637959  
0.944129  
-0.15834  
0.417656  
0.066019  
0.603497  
0.878695  
0.0880497  
0.0763398  
0.184873  
-0.96723  
-0.330817  
-0.341798  
0.183888  
1.20725  
-0.242082  
-2.23245  
-0.272025  
-1.26042  
0.643257  
-0.0206894  
0.748569  
-0.0732183  
-0.315079  
0.915624  
-0.13553  
0.573846  
-0.189644  
-1.08137  
-0.653976  
-1.07104  
0.863725  
0.15343  
0.00641132  
-0.465271  
1.1197  
1.88097  
2.70316  
1.72598  
-0.562932  
-0.068254  
1.07363  
1.94578  
-0.649611  
-1.67812  
-0.166338  
-0.184475  
-1.14363  
-0.817173  
0.447939  
0.959958  
-0.786114  
-2.18325  
0.485816  
-0.917536  
-0.305543  
-0.772144  
-1.98027  
0.802361  
1.41188  
-0.326535  
-0.703958  
-0.0418015  
0.69957  
0.791507  
-0.156455  
-0.814606  
-0.934591  
-2.16735  
-0.618403  
1.83853  
0.847493  
1.23369  
0.061737  
0.978888  
0.509826  
0.524551  
-1.57814  
-0.496848  
0.903053  
0.52353  
0.442866  
-0.0225312  
0.211045  
1.32364  
-0.928539  
-0.139801  
-0.560211  
-0.291809  
-0.765067  
0.627214  
-0.578384  
0.160625  
-0.397674  
-0.418095  
-0.5036  
0.804728  
-1.58513  
-1.5302  
-0.433741  
-1.13382  
-0.746034  
-0.843193  
0.849468  
2.18526  
2.13775  
0.361462  
0.692662  
0.994309  
2.21855  
2.81092  
-0.875457  
-1.65298  
-1.21509  
-0.564031  
-0.854786  
-1.5759  
-0.373407  
0.40168  
0.627758  
0.0901445  
0.186936  
-0.709208  
-0.101353  
0.225426  
-0.455097  
0.788563  
0.741443  
-1.01476  
0.0707337  
1.11181  
2.00344  
0.551868  
0.390578  
0.0280822  
-0.397743  
0.478869  
1.72145  
-1.15937  
-2.16069  
-0.769609  
0.317932  
0.669971  
0.326664  
0.225884  
-1.26937  
-1.37959  
-1.51372  
-0.430823  
2.09676  
0.35903  
-0.841655  
-0.803803  
0.112114  
1.60831  
0.622274  
-1.08146  
