-0.902073  
-0.147998  
-0.0579037  
-0.179211  
0.300485  
0.269903  
0.822439  
0.327928  
0.648129  
0.167549  
0.159048  
0.0917708  
-0.105745  
0.18905  
0.191351  
-0.453636  
-0.415806  
0.210392  
0.361746  
-0.408997  
0.376738  
0.301033  
-0.00928745  
0.131638  
-0.208537  
0.0450409  
0.160661  
-0.248394  
-0.544179  
0.526719  
-2.82094  
-0.553399  
-0.239856  
0.0320511  
-0.0938418  
-9.97716e-05  
-0.0399732  
-0.195773  
-0.0346215  
-0.0954137  
0.188621  
0.396652  
0.16528  
0.462809  
0.532904  
0.302226  
-0.206223  
-0.609238  
-0.1713  
0.0772494  
0.0655879  
-0.119913  
-0.0500412  
-0.471354  
-0.293482  
0.192327  
0.118844  
0.249814  
-0.900637  
-10.8316  
0.0326621  
0.296015  
-0.0918154  
0.612814  
-0.0712801  
0.903581  
1.06882  
0.774871  
1.12233  
0.509171  
0.811336  
0.807491  
1.5384  
1.61732  
0.703904  
0.558262  
-0.133962  
0.811141  
0.419667  
0.487092  
0.533404  
0.112738  
0.760878  
0.414543  
0.0206184  
-1.15899  
0.771577  
0.457248  
0.138641  
-0.197653  
0.124865  
1.08816  
0.390999  
0.404897  
0.280677  
-0.0613196  
0.705098  
-0.240698  
0.411711  
0.0237541  
0.183643  
0.272477  
-0.0870932  
0.0789078  
-0.0443427  
0.149998  
-0.0786889  
-0.0432329  
-0.736081  
-0.193247  
-0.271431  
-0.56151  
-0.634557  
-0.320152  
-0.0195687  
-0.310638  
-0.151846  
-0.526393  
-0.464915  
-1.14971  
-0.409892  
-0.690704  
-0.255975  
-0.521892  
-0.653282  
0.15595  
-0.485877  
-0.362375  
-1.56582  
0.0867384  
0.208491  
0.397646  
0.638953  
-0.252718  
0.616089  
0.490462  
0.919525  
1.21975  
0.537222  
0.796236  
0.61148  
0.579791  
0.700539  
0.522641  
0.117182  
0.345498  
0.0516358  
0.134696  
0.0128955  
-0.319843  
0.409556  
0.0162637  
-0.226911  
-0.286453  
-0.957623  
-0.834166  
-0.773189  
-0.680978  
-0.399535  
-0.447989  
-0.416619  
-2.93072  
-0.39259  
0.568868  
0.45634  
0.995796  
0.932112  
0.666448  
0.301996  
0.308424  
0.391154  
-0.0736971  
0.155662  
0.615547  
0.194617  
-0.211808  
-0.111056  
-0.347882  
0.112324  
-0.349317  
-0.118256  
0.301556  
