-0.659854  
0.0235519  
0.427998  
1.28125  
1.29255  
1.04197  
0.658227  
-0.369085  
-0.438634  
-0.326281  
-1.00118  
-0.943946  
-0.618931  
-1.96658  
-2.167  
-0.625448  
-0.555609  
-0.335839  
0.649262  
1.26514  
1.11239  
1.00062  
0.735889  
0.55922  
1.29288  
0.224549  
-0.0715786  
-0.69705  
0.483096  
0.435351  
-0.546749  
0.380507  
-0.693443  
-1.78963  
-0.674561  
-0.0213271  
0.224722  
-0.230432  
-0.594125  
0.0977171  
-1.27648  
-1.32018  
-0.627606  
1.31465  
1.63095  
2.19257  
0.991713  
0.433537  
0.537174  
-0.216484  
-0.84487  
-1.05708  
-1.6368  
-1.25391  
-0.170935  
0.0962499  
0.543405  
-0.101716  
0.622132  
0.393954  
1.54637  
0.303511  
0.181628  
0.601804  
0.32118  
0.927947  
1.65616  
1.54653  
0.381014  
-1.61103  
-1.28216  
-0.743996  
-0.66803  
-1.44434  
-1.33988  
-2.09758  
-1.22059  
-0.735479  
-0.61451  
-0.865126  
-1.12143  
-0.746571  
-0.0568331  
0.913475  
0.841671  
-1.20694  
0.128765  
0.842955  
0.282042  
0.244027  
0.68464  
0.154378  
-0.329223  
-0.195212  
1.30538  
2.24449  
1.52803  
0.565022  
-0.762376  
-1.85725  
0.0800343  
-0.366909  
0.0450983  
0.0531447  
0.310426  
-0.384846  
0.744643  
2.00957  
1.92396  
0.189224  
-0.110191  
0.177565  
-0.868456  
0.242744  
0.447824  
0.329162  
-0.483005  
-0.145657  
-0.168855  
-0.140845  
-0.204625  
-1.30128  
-1.3625  
-2.2031  
-2.01655  
-1.74477  
0.231454  
0.976077  
2.15485  
2.37204  
1.18152  
0.499624  
1.55602  
2.78408  
2.98825  
1.3933  
-0.673917  
-1.65557  
-0.34531  
0.0254599  
-0.351998  
-0.0175528  
-0.146784  
-0.152781  
-0.406526  
-1.68418  
-0.874581  
0.0393434  
-0.343071  
-1.7379  
-1.50385  
-0.811355  
0.219201  
-0.632945  
0.896375  
0.37466  
0.940819  
0.10621  
-0.0875406  
0.302607  
-0.391234  
-0.530084  
0.699201  
0.374273  
-0.0507874  
1.32493  
0.553004  
-0.157348  
0.597522  
0.0548688  
-0.209892  
-0.653942  
0.395738  
0.818004  
0.929463  
0.392135  
-0.615385  
-0.0568762  
-0.0919307  
-0.682395  
-0.871108  
-0.908307  
