0.439299  
0.502088  
0.124977  
-0.362919  
-0.401658  
0.70775  
1.17105  
2.5063  
-1.04585  
-2.30422  
-0.669064  
1.14634  
-0.547825  
-0.377152  
-0.932528  
0.465872  
-0.232804  
1.13676  
-1.88259  
-1.79873  
-0.220251  
0.973778  
0.304416  
0.402683  
0.148415  
1.01069  
1.41509  
-0.28864  
-1.82505  
-0.377801  
0.690628  
0.117395  
0.678177  
-0.910691  
-1.52514  
-0.693667  
0.565854  
0.247957  
1.13152  
1.51845  
0.273445  
-1.92838  
-0.768782  
-0.839716  
0.637018  
1.12819  
0.986231  
1.05821  
-0.567718  
-0.0144482  
-0.292643  
0.644988  
-0.948022  
-2.00576  
-1.30401  
0.273763  
0.890134  
0.403057  
-0.338389  
0.74361  
0.6902  
-0.48848  
0.0032091  
0.139219  
-0.190754  
-1.05328  
-0.691407  
1.46718  
1.1428  
-0.242525  
-2.09459  
-0.848146  
-0.0348277  
0.636535  
1.29735  
0.653617  
-0.163386  
-1.76913  
-0.007754  
0.0544626  
-1.07658  
-0.239958  
0.601923  
0.245483  
0.486259  
2.44511  
1.14501  
0.0327103  
0.327614  
-0.930905  
-1.12771  
-0.905325  
0.569719  
0.447345  
-0.434666  
-0.100353  
0.727616  
2.12687  
0.00570201  
-2.00028  
-1.73552  
0.111587  
1.107  
0.0876067  
0.271757  
-0.772619  
-1.17409  
0.70457  
1.63893  
0.735536  
0.281669  
0.74532  
-1.69086  
-1.74714  
-0.118339  
1.50364  
0.711354  
1.69922  
-1.44124  
-1.68131  
-0.259501  
0.544975  
-0.542055  
-1.2678  
-2.06497  
-0.973473  
-0.426735  
-0.801325  
0.668963  
1.11642  
1.64827  
0.460566  
-0.619684  
0.0607575  
-0.246049  
1.88649  
1.15917  
1.1258  
0.106476  
-0.0131254  
-0.547143  
-0.410669  
-0.233601  
0.918528  
0.773062  
-0.593263  
-0.0461509  
0.571385  
0.73356  
-0.409607  
-1.68879  
-1.19507  
0.473822  
2.28013  
0.609227  
-0.362455  
-0.251793  
0.254288  
-0.437742  
-1.02504  
-0.733704  
-1.50326  
0.129775  
1.02098  
0.841215  
-0.0345474  
-0.394335  
-0.950698  
-0.178482  
2.60442  
0.854636  
-1.11667  
-1.0919  
-0.811741  
0.514886  
0.8205  
0.837864  
0.427525  
-1.11865  
-0.367525  
0.264  
-0.112754  
