-1.64808  
-2.20354  
-0.90226  
-0.164711  
1.58314  
2.30082  
1.32991  
1.08948  
-0.987343  
0.0380871  
-0.525891  
-1.30308  
-0.397171  
0.602015  
0.676228  
0.491931  
0.598741  
1.49443  
-0.573412  
-1.29889  
-0.883431  
-0.888447  
-0.204617  
0.914871  
0.0300824  
-0.625061  
-0.751451  
-0.705274  
0.237689  
-0.220542  
-0.082451  
-0.146868  
-0.106193  
-0.408087  
0.209385  
0.304299  
1.16924  
2.72361  
1.74954  
0.389683  
-0.364492  
0.144559  
0.500574  
-1.01935  
-1.17919  
-1.71693  
-0.0577113  
0.431679  
0.890692  
1.16259  
-0.794322  
-0.153283  
0.366231  
1.3142  
2.21139  
1.11411  
1.12463  
-0.525808  
-0.520382  
-0.872177  
-0.775228  
0.267577  
0.193982  
-0.811548  
-1.08157  
0.037424  
0.846869  
1.26099  
-0.150406  
-0.790246  
0.407533  
-0.0263053  
-0.973009  
-0.139033  
0.00736393  
-0.103567  
-0.527096  
-0.0861722  
-0.103804  
-2.45462  
-2.84493  
-1.72077  
-1.17254  
-0.78061  
0.0635498  
0.249358  
0.609554  
0.275901  
-0.110846  
-0.116748  
-0.446643  
-0.392839  
0.820313  
0.854548  
1.29935  
0.796244  
-0.372447  
-0.156663  
-0.634375  
-1.00998  
-0.668054  
-0.667163  
-1.05781  
-0.26913  
0.334307  
-0.336322  
0.263591  
0.644447  
2.14592  
2.01078  
-0.379664  
-0.589195  
0.0452239  
1.12142  
1.42485  
0.326242  
-0.804966  
0.0657261  
1.21151  
2.35693  
1.77454  
0.396088  
-0.920095  
-0.820046  
-0.464085  
-1.93479  
-1.7696  
-0.485828  
0.415115  
0.690658  
-0.143795  
-0.889448  
-0.297739  
1.07358  
2.1895  
2.08834  
-0.27934  
-1.37533  
-0.269197  
0.758769  
0.295329  
-0.603072  
-1.14485  
-0.739392  
-0.933874  
-0.257386  
0.211801  
-0.0047966  
-1.17268  
-1.4949  
-0.659146  
0.213162  
-0.421197  
-1.49119  
-0.116923  
1.2433  
1.76995  
1.24333  
1.18826  
1.36928  
1.12474  
1.42849  
1.61245  
-0.261811  
-0.673314  
0.100684  
1.17137  
0.408048  
0.468602  
-0.716948  
-1.51407  
-0.789016  
-0.1337  
0.411742  
-0.269749  
-1.09944  
-0.908691  
-0.0412979  
0.645453  
0.0692638  
-0.2689  
-1.34683  
