0.591752  
1.79672  
0.800781  
-0.618018  
-0.141169  
-0.788229  
1.13367  
0.804039  
-0.644188  
-0.871656  
-0.355758  
0.508983  
-0.00338873  
-1.39084  
-1.11234  
0.519196  
1.45106  
-0.999091  
-1.12474  
-0.376074  
0.26958  
-1.536  
0.928794  
0.163576  
1.10123  
1.22028  
-0.793937  
0.571684  
-0.42665  
1.16723  
0.485507  
-1.55748  
-1.85697  
-0.515435  
-0.531513  
0.69547  
-1.17328  
-0.477979  
0.742922  
-1.04559  
-0.0998117  
-0.616313  
0.194126  
0.218062  
1.46378  
-0.7433  
0.207168  
-1.96609  
0.874321  
0.319577  
1.90937  
-0.267245  
0.473686  
-0.484127  
-0.205668  
0.554894  
-0.751742  
0.618834  
-0.352361  
-0.130903  
-0.603996  
1.26694  
1.00565  
-2.37984  
-0.465645  
0.437618  
1.10125  
1.66897  
0.501808  
0.452287  
-0.5028  
-0.44466  
1.71729  
0.537598  
-1.4614  
0.726503  
-1.31469  
0.645402  
0.293858  
-0.810187  
0.982078  
-0.260579  
0.518424  
-2.28568  
0.0668019  
-2.07149  
-0.0603204  
-1.16118  
0.930069  
-1.49475  
-0.204365  
1.06011  
-0.416237  
0.402923  
-0.23262  
-0.167891  
1.75286  
1.57524  
-0.0401583  
-0.31434  
-0.582834  
0.797149  
-0.630262  
2.12092  
-1.46778  
0.937413  
0.938715  
-0.380749  
-1.01429  
0.191636  
0.895498  
0.267477  
0.38597  
-0.963998  
0.0247245  
1.17073  
0.333044  
0.78642  
-0.0649883  
-0.744802  
0.982299  
0.708053  
-0.0849866  
0.58897  
-1.75204  
0.578346  
0.260759  
1.68048  
-3.89737  
-1.08537  
-0.816126  
1.89119  
-1.40476  
-0.685639  
0.942982  
0.916492  
1.07139  
-0.267781  
-1.29193  
0.706507  
0.692835  
-0.0986455  
1.12154  
-1.34401  
-1.60724  
0.7364  
0.168626  
-0.810258  
1.08276  
-1.85363  
0.641002  
0.231121  
-0.357402  
0.0738551  
-1.5067  
0.894238  
-0.444753  
-0.723245  
0.390076  
-0.334262  
1.33573  
-0.487335  
-0.0537415  
1.02226  
1.30883  
-1.39127  
-0.0759479  
-0.136935  
0.555507  
1.13384  
-0.240243  
-0.480567  
-0.743221  
1.09687  
0.548928  
0.910717  
0.930961  
-1.96403  
0.557499  
0.0638072  
-1.08078  
-0.583899  
