1.77533  
0.524804  
-1.01892  
1.21669  
-0.64005  
1.02183  
-0.0703605  
-1.16538  
0.745885  
-0.801763  
1.02275  
-0.840375  
0.374867  
-1.47038  
1.03089  
-0.618056  
-0.0717065  
-1.84455  
0.363271  
-0.572453  
0.658179  
-1.6803  
0.988451  
-0.974039  
1.03692  
0.159373  
-1.06584  
0.0263845  
0.369765  
0.977209  
-1.98132  
-0.044526  
1.53656  
0.440335  
-1.666  
0.536001  
-2.00894  
1.4753  
0.013792  
0.57198  
-0.28114  
1.0146  
-0.580776  
1.03993  
-0.232534  
1.4082  
0.37336  
0.975546  
-0.106113  
0.847971  
-0.181062  
-1.69207  
1.08525  
-0.577786  
0.972177  
-0.573563  
-1.37519  
0.628867  
-1.02088  
-0.406896  
0.236187  
0.196945  
-0.458033  
-1.38819  
1.0953  
0.631514  
-0.221511  
-1.34764  
1.28251  
0.217115  
-1.02132  
1.19276  
-0.136235  
-1.85099  
-0.754047  
0.88779  
1.01707  
-0.106448  
-0.390706  
1.21402  
0.325118  
-0.402998  
0.594013  
-1.73124  
1.04681  
-0.266598  
-1.16234  
1.37359  
-0.0891251  
-1.60666  
1.27884  
-0.320635  
-1.69744  
0.819185  
-0.0192101  
0.504913  
0.579295  
-0.95136  
0.447486  
-0.980072  
1.3213  
-0.276751  
1.16642  
-0.248239  
1.22085  
-0.791505  
0.911849  
-1.70869  
1.32454  
-0.282787  
0.869467  
-1.38709  
-0.233549  
-1.13299  
0.879803  
-0.37202  
0.772347  
-0.833939  
0.338511  
-0.500453  
0.853027  
-0.943367  
1.0301  
-0.669982  
1.12433  
-0.596441  
0.960757  
-0.138145  
-0.395879  
-1.27145  
1.2232  
-0.652448  
-1.76715  
1.0937  
0.132527  
-1.04597  
0.680742  
-1.5474  
0.859714  
0.823007  
-0.692252  
1.45865  
-0.331293  
-1.45703  
1.2036  
0.886904  
-0.652843  
1.46533  
-0.228331  
0.806442  
0.462474  
-0.932217  
1.42952  
-0.970479  
1.18542  
0.022135  
-0.859309  
1.05506  
-0.391305  
1.32677  
-0.698204  
-2.3483  
-1.07915  
1.01971  
-0.549455  
-1.52282  
0.943533  
-0.956086  
1.36413  
-0.409919  
0.978304  
-0.519068  
1.43584  
-0.42173  
-1.72174  
1.24992  
-0.411784  
0.00692027  
0.887158  
-0.759055  
1.73563  
-1.48818  
