4.23433  
1.9211  
-0.945656  
0.00858316  
-0.339024  
0.616672  
-0.664948  
-1.77021  
-1.0018  
-2.34453  
1.31157  
-0.773069  
-1.2301  
-1.04939  
0.317497  
-1.13745  
-1.07923  
-1.39726  
0.987349  
0.302893  
-0.266456  
1.24588  
-0.851756  
0.23942  
0.477005  
-0.187801  
1.50097  
-0.142613  
0.537701  
0.656959  
-0.701129  
0.691408  
0.845432  
-0.0918783  
0.321164  
0.0702974  
-0.106049  
0.180001  
-0.767907  
0.705482  
-0.767169  
1.07551  
-0.249406  
0.682929  
-0.879233  
0.899359  
-0.670753  
2.12782  
-1.20475  
-0.246933  
-0.0668428  
-0.792915  
0.463181  
-0.732233  
1.75665  
-0.244872  
0.793932  
-0.0948599  
0.532111  
-0.0729004  
-1.17748  
-0.175067  
-0.199035  
1.75813  
-0.14817  
-1.13864  
-0.41585  
-0.379198  
0.685569  
-0.0310155  
-0.940755  
0.934587  
0.43336  
-0.841633  
1.06534  
0.283348  
2.44878  
-0.393657  
-1.64891  
0.571921  
-1.36743  
-0.273301  
0.296633  
1.36135  
-1.65158  
-0.491444  
-0.10511  
1.14623  
-0.0630044  
1.30456  
-0.0181454  
0.177422  
0.819912  
-0.251146  
-1.32924  
1.32718  
1.6741  
-1.66309  
-0.31277  
-1.86747  
0.291783  
-0.502619  
0.540209  
-1.12902  
1.00203  
-0.132401  
0.171291  
-1.21603  
0.346188  
0.284494  
1.97511  
-2.12896  
-0.423386  
-1.04828  
0.656212  
-1.01968  
0.154222  
-2.21205  
-0.487953  
0.437903  
0.389979  
-0.478537  
0.711136  
-0.321114  
1.33257  
0.806321  
0.511135  
-0.192229  
-1.76482  
-0.0979667  
1.83818  
-0.278766  
0.649567  
0.486176  
0.143965  
1.01505  
1.30366  
-1.30656  
-0.115053  
-0.165626  
-0.298895  
1.14878  
-1.03603  
-1.18314  
-0.0246668  
-0.46492  
-0.60316  
0.269908  
-0.402012  
0.739687  
-0.35567  
-0.970855  
0.633006  
-0.808829  
-0.65907  
-1.34525  
-0.888204  
0.826429  
-0.510921  
0.858512  
-0.35881  
0.791405  
1.95669  
1.51213  
0.800682  
1.5816  
1.00148  
0.476881  
0.739237  
-0.429142  
-0.230358  
-2.05575  
0.292509  
-0.128701  
-0.336942  
0.0556107  
-0.71551  
0.780474  
-0.0200515  
-1.21002  
-0.0101864  
-1.48142  
