1.96949  
1.2355  
0.181525  
1.00261  
1.6754  
1.04328  
-0.00350362  
-1.58549  
-0.978687  
-0.716991  
-0.66193  
-1.62519  
-1.31493  
-0.212805  
-0.636683  
-0.669917  
-0.70606  
0.372356  
-1.52882  
-0.937106  
-0.535125  
-0.705998  
0.10516  
0.0962304  
0.628736  
1.01702  
1.13794  
-0.131802  
-0.452718  
0.191753  
1.60141  
0.611935  
-1.10453  
-1.50148  
-0.491012  
-0.124246  
-0.211441  
0.671129  
1.4677  
1.12118  
0.86178  
1.75753  
2.59374  
1.9719  
0.401279  
0.118023  
0.459255  
-0.272063  
-1.05848  
-0.927362  
-0.367545  
0.410792  
-1.13278  
-2.01549  
-1.40118  
-0.985462  
-1.13015  
-0.25564  
0.0746476  
0.601709  
1.19683  
2.12888  
1.05525  
-0.745827  
-1.55696  
-0.650914  
0.72447  
0.397291  
-0.27988  
-0.0539582  
-0.774336  
-0.741872  
-0.632308  
0.348087  
0.278912  
-0.676601  
-2.35311  
-2.51939  
-1.94231  
-0.404766  
-0.500905  
0.230382  
-0.219129  
-0.42523  
0.208181  
0.664183  
0.24558  
0.370843  
0.395688  
0.44472  
0.712309  
2.17366  
1.9032  
1.63037  
0.189409  
-0.273954  
0.386873  
-0.211858  
0.861291  
1.2935  
1.41418  
0.879317  
0.225491  
-0.0698277  
0.114254  
0.3756  
0.74229  
1.90831  
1.94956  
0.485645  
-0.771047  
-0.780512  
0.171292  
-0.0927376  
0.200423  
-0.704924  
-0.27187  
-1.00976  
-0.563431  
-0.566708  
-0.181008  
-0.605439  
-1.03639  
-1.36105  
-1.99911  
-2.13522  
-1.56356  
-0.950461  
-0.437043  
1.0799  
1.13507  
0.960849  
0.798787  
1.54758  
1.06193  
-0.387105  
-0.751276  
-0.844241  
0.0314939  
0.114871  
-0.90269  
-0.708417  
-0.416629  
0.452777  
0.859389  
1.05827  
-0.0858232  
-0.985291  
-2.07517  
-1.44598  
-0.0401427  
1.67214  
2.25806  
0.124198  
-0.471353  
0.339494  
1.08509  
0.598572  
-0.439513  
-0.0453682  
-0.115249  
-0.00312132  
0.12241  
-0.21533  
-0.302418  
-0.601983  
-0.282809  
-0.163124  
0.598652  
0.453101  
0.933055  
0.909373  
1.65188  
1.0277  
-0.562973  
-0.326209  
-0.337319  
-0.563272  
-1.01787  
-1.25776  
-0.45944  
-0.308022  
