0.404234  
-0.62722  
-0.0665963  
0.17574  
1.05107  
1.62476  
-0.338457  
-1.59006  
-1.4123  
0.691045  
0.401834  
-0.172161  
-0.111656  
1.33348  
0.69377  
0.554792  
0.00584559  
-0.431942  
-0.949725  
-0.575132  
-0.146315  
0.0958977  
0.928018  
1.20571  
0.57075  
0.743906  
-0.860315  
-1.66664  
-0.613944  
-0.756222  
-0.673518  
-1.01427  
-0.96066  
-1.72704  
-0.926074  
-0.722536  
1.12281  
1.82855  
1.05572  
0.524205  
0.636001  
0.111546  
0.0747282  
-0.905802  
1.04248  
0.648861  
1.64883  
0.239965  
-1.40053  
-1.11073  
-1.62074  
-1.17173  
-1.71245  
-0.764153  
0.194243  
-0.369207  
0.453542  
0.947977  
2.34111  
1.55242  
-0.891063  
-0.349953  
-0.0490928  
-0.421171  
-0.129002  
0.117467  
-0.221508  
-0.296897  
-1.22589  
-0.794797  
0.842819  
0.418415  
-0.632733  
0.190827  
-0.0925672  
0.185004  
-0.38701  
-0.286257  
0.289661  
0.422383  
1.33818  
1.84091  
0.638533  
0.689601  
1.01769  
0.662197  
-0.544376  
-2.04322  
-1.38621  
-0.899629  
-1.6144  
-1.06101  
-0.299414  
-0.290088  
0.817278  
1.43723  
1.34755  
0.109247  
-1.37792  
-0.289619  
-0.952772  
-0.328251  
-0.620964  
-0.214177  
-0.294111  
0.318422  
2.15661  
2.21982  
1.45162  
0.627354  
0.00692776  
-0.406502  
-1.3269  
-0.649312  
-0.731485  
-0.693491  
-1.91053  
-1.20881  
-0.790967  
0.607074  
-0.101116  
-0.510629  
-0.965186  
-0.412152  
-0.258333  
0.411038  
1.10325  
1.58522  
2.47117  
2.24472  
1.92604  
1.19239  
0.998167  
0.618937  
1.28531  
1.20034  
0.303319  
0.656514  
-0.286606  
-1.08331  
-0.626329  
-0.846159  
-0.418443  
-0.551544  
-1.10732  
0.209416  
0.230896  
-0.973633  
-1.40001  
-1.15367  
-0.998197  
-0.0517329  
0.630476  
0.203925  
0.535509  
0.859563  
-0.139858  
-2.25282  
-1.82666  
-1.02785  
-0.977723  
-0.808233  
0.289206  
0.776636  
1.37019  
1.12015  
1.16811  
1.47298  
1.68987  
0.901099  
-0.443579  
0.120595  
-0.719086  
-0.0141895  
0.610534  
0.132907  
0.320134  
-1.37196  
-2.06809  
-0.0338698  
0.380642  
0.862621  
