1.95242  
0.411317  
0.842201  
-0.18223  
-0.883614  
-1.49561  
-1.7842  
-1.29928  
-1.02025  
0.93458  
-0.835309  
-0.685047  
1.15135  
1.34214  
-1.27383  
-1.25366  
-0.443577  
1.31029  
-1.19962  
-0.854039  
0.154035  
1.30106  
0.950966  
0.451627  
0.724106  
0.83191  
-0.608849  
-1.13419  
0.41021  
0.978476  
2.16358  
2.32542  
-0.0171559  
-1.224  
-1.16531  
-0.40281  
0.824389  
0.539131  
0.323427  
-1.15809  
-0.709434  
-1.04461  
0.349284  
-1.40512  
1.48946  
0.583407  
1.41043  
-0.76146  
-0.474433  
-0.341812  
-1.08917  
0.24401  
0.200153  
1.28511  
1.44529  
1.64815  
1.58652  
0.4534  
0.0337372  
-0.627052  
1.68112  
2.13531  
0.183837  
-1.87953  
-1.31675  
0.266379  
-0.128176  
-1.0611  
-0.243723  
0.789855  
-0.0527711  
-1.5194  
-0.879416  
0.139049  
-0.0138867  
-0.634522  
-2.47509  
-0.722244  
0.778416  
-1.82436  
-0.734003  
-0.666454  
0.346648  
0.956174  
0.403433  
-1.93829  
0.0985997  
0.771762  
1.44723  
0.362398  
-1.2186  
-0.748793  
-0.318026  
0.505294  
1.67369  
1.66361  
-0.309289  
-0.79981  
-0.054399  
0.688183  
-0.807129  
-1.07142  
-0.961746  
0.859792  
-1.03845  
-0.886286  
0.240133  
1.36382  
0.692599  
0.524893  
-1.64277  
-1.01249  
-0.878299  
-0.115008  
-0.272069  
-0.0566384  
-0.0578188  
1.16821  
-0.510178  
-0.243562  
0.302667  
0.378824  
-0.847457  
0.546935  
-0.791588  
-0.352533  
0.811989  
1.50321  
1.50639  
1.45386  
-0.708556  
-0.344081  
-0.0198228  
-0.27167  
0.617601  
-0.126478  
-1.71229  
-0.733216  
0.375315  
0.491739  
0.780724  
-0.0925192  
-0.630004  
-0.993458  
0.281816  
0.744464  
-0.300756  
-1.63247  
-0.0474471  
0.111254  
0.930307  
1.08559  
0.571844  
0.945898  
0.459244  
0.3871  
0.492849  
0.347457  
1.00631  
0.455593  
1.08941  
0.92459  
0.450212  
-1.04206  
-0.0250515  
2.10503  
1.85701  
-0.0215307  
-1.28049  
-0.751133  
-2.21207  
-1.03834  
-1.20662  
-0.31035  
-0.557827  
-1.42033  
-0.855528  
-0.602477  
1.2263  
0.942984  
-0.119704  
-0.0624326  
