-0.422352  
-0.302668  
-0.372944  
-0.426528  
0.582547  
0.200228  
1.49609  
0.393245  
0.465854  
-0.233697  
0.163739  
0.0643033  
-1.56642  
-0.932613  
0.947926  
0.478979  
-0.311194  
-1.17686  
1.79076  
-0.593701  
0.365189  
-1.32827  
-0.250444  
0.686942  
-1.04655  
0.10695  
-1.14452  
-0.333404  
-0.397729  
1.84575  
2.4566  
-1.33953  
-1.46953  
0.100826  
-1.56329  
-0.105541  
-1.06199  
-0.489811  
1.23268  
1.64448  
0.486359  
0.394013  
-0.485488  
0.249921  
0.548533  
0.323865  
0.00959437  
-0.438964  
0.626012  
0.709154  
0.280706  
-1.03599  
0.13096  
0.0235542  
-0.907887  
0.28434  
0.727354  
2.22903  
0.0534219  
-1.19948  
-0.0378746  
-0.258465  
-0.273202  
-1.25776  
-1.70718  
-0.524657  
0.862745  
0.21046  
0.35106  
-0.124238  
-0.933626  
-0.161979  
1.29765  
-0.36208  
-1.30595  
0.0385398  
-0.944125  
-1.30561  
-0.0111313  
-0.492221  
0.399541  
-0.959269  
-0.0141808  
-0.836577  
0.664618  
4.00147  
0.776955  
-1.0396  
-1.07036  
-1.25573  
0.210344  
0.580465  
-0.502252  
-0.462273  
1.47552  
1.37351  
0.901456  
-0.942516  
-1.70232  
-0.217988  
1.12876  
0.840941  
-0.0564948  
1.22377  
1.4875  
1.21202  
0.517916  
-0.156812  
-0.574603  
-0.250422  
-0.16118  
-0.714824  
-0.608736  
0.0671024  
0.513125  
-0.261299  
-1.36463  
-0.485165  
-0.420456  
-1.61978  
0.152865  
-0.173195  
-1.51184  
-0.664334  
-0.451513  
0.184149  
-0.200802  
0.478951  
4.18436  
1.65319  
-0.462664  
-0.047218  
-0.167888  
-0.658712  
0.032597  
-0.130016  
-0.0830492  
-0.0807079  
0.0540431  
1.52146  
0.671822  
-0.0131773  
-0.333347  
-0.033624  
-0.651714  
0.604831  
-0.194738  
-1.00318  
0.401716  
0.241345  
-0.0956404  
-0.316894  
-1.23979  
-0.220153  
-0.720835  
-0.326119  
0.256557  
-0.0932194  
-0.107482  
-0.590691  
0.587541  
5.01074  
2.31205  
0.619176  
0.548896  
-0.179102  
0.477145  
0.833668  
-0.116686  
-0.354893  
0.150914  
-0.260759  
-0.527303  
-0.388165  
-0.722237  
-1.73836  
-0.838799  
-0.20098  
0.491204  
-0.357031  
-1.04523  
-0.0875392  
