-0.108776  
-0.218349  
1.11985  
1.31419  
0.723926  
-0.511303  
-0.514628  
0.279846  
-1.53853  
-0.491674  
0.187185  
0.814742  
0.566905  
0.320734  
0.557004  
-0.0769556  
-1.16452  
-0.409972  
-1.62078  
-1.77648  
-0.392697  
0.222732  
0.837452  
0.471523  
-0.82174  
0.239836  
0.872759  
0.17312  
0.87006  
1.07611  
-1.58351  
-1.52959  
0.479985  
0.553478  
-0.228629  
0.112148  
-0.0417714  
0.571096  
0.266869  
0.192328  
0.203563  
0.908474  
1.4367  
0.120103  
0.478093  
-0.654725  
-0.649435  
-0.311597  
-0.839038  
-1.30169  
-1.92976  
-0.63885  
-0.595338  
-0.704353  
-1.19875  
-0.69887  
0.650181  
1.13341  
0.731472  
0.989966  
0.837679  
0.283577  
0.0647614  
-0.114507  
0.975094  
1.35457  
1.68043  
1.58024  
0.795305  
-0.554502  
-0.604156  
-0.0697234  
0.852633  
1.10751  
1.84772  
0.22075  
-1.56556  
-2.20893  
-0.239095  
-1.48862  
-1.10589  
-0.26179  
1.72426  
1.83312  
0.992727  
-1.48749  
-2.66477  
-2.89806  
-3.31206  
-2.08278  
-0.281448  
-0.13303  
-0.676649  
-0.778841  
1.19745  
1.28987  
0.921366  
0.782655  
-0.13876  
0.810207  
1.66126  
0.847843  
-0.751958  
-0.515002  
0.48387  
1.73831  
0.524615  
0.244239  
-0.149754  
-0.365688  
-0.038927  
0.34803  
-1.10938  
-0.891423  
0.327047  
1.15155  
0.187555  
0.489539  
0.0194412  
0.443112  
0.522542  
0.288045  
-0.300719  
-0.831501  
0.192148  
0.755655  
0.333963  
0.410358  
1.61614  
1.26547  
-0.281217  
-0.92799  
0.309045  
1.07362  
0.103991  
0.813764  
0.800891  
1.31044  
1.92183  
-0.2332  
-1.12362  
-0.655961  
-1.03712  
-1.57837  
-1.15347  
-1.22645  
-0.895125  
-1.6255  
-2.50556  
-1.68637  
-1.18398  
0.283025  
0.544397  
0.87595  
0.877178  
0.0155391  
-0.450347  
-0.269634  
0.268036  
-0.353034  
0.257601  
0.436005  
1.83475  
0.991805  
0.132308  
0.514887  
0.754231  
0.345973  
-1.23678  
-0.0645459  
-0.30536  
-0.0742377  
0.84828  
1.14954  
0.297707  
-0.00887723  
-0.110989  
0.81642  
0.163468  
-0.720341  
-1.32975  
-1.00798  
