0.823675  
0.00914317  
-1.70032  
0.405612  
0.466566  
-0.434017  
1.15095  
0.366368  
2.30707  
0.245557  
-0.932414  
-0.42296  
-0.0862158  
-0.45689  
-0.361098  
-0.408489  
0.417818  
-0.281231  
0.153173  
-0.609205  
-0.796407  
-0.675823  
-0.0253206  
0.54431  
-0.973013  
-0.161551  
0.152053  
1.55419  
0.399186  
-0.152937  
-0.845988  
0.360862  
-0.033272  
0.513634  
-1.82674  
-0.660688  
-1.65169  
-0.875937  
0.876395  
1.46973  
1.82386  
-0.544195  
-2.13838  
-1.08569  
-0.191385  
0.0635196  
1.49314  
0.861013  
1.37895  
-1.19316  
-0.280517  
-1.42162  
0.0412735  
-0.774001  
-1.74357  
-0.550428  
-0.776224  
1.15786  
0.148979  
1.6181  
0.643176  
-0.180654  
-0.262141  
0.619692  
-0.550062  
0.581947  
1.02699  
-0.672311  
1.45787  
2.31798  
0.262293  
-0.0234336  
0.658609  
-0.765095  
1.0092  
1.16831  
0.457159  
-0.362084  
-1.60383  
-0.431559  
1.53709  
0.127021  
0.0818022  
0.374097  
0.0689738  
-0.859947  
-2.14716  
-0.0857396  
1.40911  
0.193825  
-0.880681  
-0.417175  
-0.546953  
0.834439  
1.25694  
0.457126  
0.422126  
-1.1883  
1.60447  
-0.127883  
-1.41979  
-1.30144  
-0.558898  
1.16968  
0.792416  
0.159415  
0.184041  
-1.38191  
-0.199969  
1.41789  
-0.103009  
-1.46293  
1.9079  
-0.904651  
-1.04899  
-1.10245  
1.59892  
-0.57748  
1.44006  
-0.0524679  
-1.05878  
-2.26652  
-0.664903  
1.00401  
-0.206942  
-1.13565  
-1.36669  
1.24306  
-0.470096  
-0.137059  
1.01092  
2.29346  
-0.163302  
-0.288557  
1.47311  
0.158196  
1.34485  
-0.722813  
0.867531  
1.14192  
0.298883  
-0.341135  
0.432172  
-0.707154  
0.974776  
0.402671  
-1.05235  
-0.730791  
1.47441  
0.184694  
-0.369115  
-2.40085  
-1.63575  
-0.499731  
-0.641979  
1.27793  
-0.136595  
-0.319072  
-0.635274  
-1.4302  
0.0422204  
-1.11343  
-1.39802  
-0.20896  
1.34463  
0.198297  
0.971238  
0.540055  
-0.200481  
0.291141  
1.53308  
1.02746  
-0.382525  
0.40154  
-1.65733  
0.138081  
1.32437  
1.16136  
0.645451  
-1.98584  
0.303567  
-0.930417  
