0.439635  
-0.176197  
0.262575  
-1.0069  
-0.707002  
0.871639  
0.830263  
0.87065  
-0.00802237  
0.270348  
-0.0954328  
0.38793  
1.36522  
0.152132  
-1.08927  
-0.173032  
1.13187  
0.594666  
-1.70014  
-1.57291  
-0.529408  
-0.808627  
-1.10606  
-1.52296  
1.07669  
1.13137  
-0.275836  
-1.35487  
-1.00517  
-0.762111  
1.13488  
1.32584  
2.51546  
0.930403  
-0.701845  
-0.37547  
-0.248337  
0.543628  
-0.64422  
-0.259629  
-0.625055  
0.188649  
0.0463117  
0.900223  
0.242799  
-1.17604  
-1.42845  
-1.60176  
-0.147305  
0.948411  
-0.0056749  
-0.0699248  
-1.15904  
-0.426323  
0.107821  
-0.857583  
-0.692108  
-1.8157  
-1.26305  
1.68869  
3.04861  
3.79342  
2.36019  
-0.554723  
-0.967928  
-0.00708314  
0.297543  
0.424063  
0.823837  
-1.25263  
-0.205749  
-0.00750441  
-0.0119698  
0.995098  
0.122254  
-1.07644  
-0.272371  
0.642605  
0.535423  
-0.472129  
-0.753694  
-0.394214  
-0.303515  
-0.595872  
-0.766914  
1.36326  
2.49999  
2.93996  
-0.168261  
-1.11926  
-0.384586  
0.300997  
-0.499302  
-1.53336  
-0.748782  
-0.536666  
-0.694362  
0.249211  
-0.37502  
-0.629958  
-0.590807  
-0.109249  
0.355785  
0.759402  
0.977695  
0.359  
0.857743  
0.241519  
-1.04558  
-0.831485  
-0.397801  
0.191224  
-0.322114  
-0.426147  
-0.454485  
0.0653992  
0.833467  
-0.334501  
-0.755778  
-0.681804  
-0.256094  
-0.0199663  
1.18785  
-0.534637  
-0.146044  
-0.0485676  
0.0941323  
-0.682775  
0.869332  
1.5548  
2.56571  
0.0170223  
-0.159555  
-0.338087  
0.309674  
-0.374265  
0.439364  
0.48732  
-0.572686  
-1.37936  
-0.586803  
0.111961  
0.673516  
0.633442  
-0.795852  
-1.47093  
-1.07542  
0.933962  
-0.441677  
-1.02469  
-0.285732  
-0.0831289  
0.245254  
-1.53424  
-0.164385  
-0.327167  
-0.377937  
-0.346029  
0.500231  
1.54038  
0.730328  
0.994407  
2.21822  
3.15864  
1.87279  
0.979109  
-1.4802  
-0.927713  
0.771643  
-0.434766  
-0.841086  
-0.315339  
-0.875721  
-0.34526  
0.3588  
0.640542  
-0.917779  
-0.898864  
-0.311434  
0.0644299  
0.181763  
-1.08277  
