1.96025  
0.180245  
-0.331966  
0.742544  
-0.347409  
-0.785581  
-1.03695  
-0.746162  
-1.25876  
-0.540796  
-0.982075  
-0.406142  
-0.265542  
0.242201  
-1.09508  
0.217315  
0.755751  
2.1834  
-0.353895  
1.2413  
-2.26736  
0.09945  
1.95876  
0.997474  
1.07699  
-0.868185  
0.481197  
0.922995  
1.4823  
-1.20112  
-3.35905  
0.632094  
-0.549229  
-2.14556  
0.456761  
-0.691014  
0.533001  
0.0627451  
-0.190888  
0.301477  
0.651121  
-0.103586  
0.228293  
1.32114  
-0.632386  
0.259113  
-0.996648  
-0.506245  
-0.453287  
0.351379  
-0.48515  
0.773425  
0.962077  
1.34012  
1.23228  
0.40167  
0.8331  
-0.842269  
0.638131  
-2.76319  
3.30284  
0.511444  
-1.85988  
-0.384555  
1.45069  
1.19108  
-0.875347  
-0.460008  
0.0496959  
0.192386  
-0.0550817  
0.108881  
-1.89674  
-1.10495  
-0.368885  
0.567491  
0.606972  
0.435193  
-0.914197  
1.12819  
0.183135  
0.954695  
-2.76457  
-0.851298  
1.04046  
1.32178  
0.246134  
-0.770137  
-0.719076  
0.530029  
0.335914  
-1.23753  
-0.207412  
0.572306  
-0.388683  
0.605054  
-1.59647  
-1.26543  
0.207102  
0.608546  
-0.0627228  
-1.09724  
0.0764912  
1.30708  
0.918742  
0.656864  
-0.762867  
0.728171  
0.638673  
-0.485007  
-2.13067  
-0.21297  
-0.256166  
0.928307  
-0.282659  
-1.15919  
-0.545987  
-0.0226858  
-0.664409  
0.509772  
-0.124008  
0.631154  
0.694196  
1.31859  
1.11387  
1.50621  
1.90804  
1.0942  
0.739209  
0.345569  
-0.160555  
0.0856785  
0.62538  
0.0274143  
0.133114  
0.424824  
-0.465926  
-0.191927  
0.200659  
-0.922614  
-0.386665  
-0.427538  
-1.12994  
-0.2411  
-0.510616  
-1.16367  
-1.27505  
-1.22341  
-1.08558  
-0.0786765  
-0.450649  
0.385885  
-0.0544675  
0.0142887  
0.0766013  
0.49983  
1.01347  
0.0134484  
-0.24871  
0.9109  
0.1282  
-0.576384  
3.44935  
1.42326  
-0.23387  
0.232536  
-0.464123  
0.670035  
0.511934  
-0.947587  
0.176277  
0.00293468  
-0.420204  
-1.23403  
0.094096  
0.689821  
-0.699905  
-0.483968  
-1.97882  
-0.542043  
-0.0758866  
0.831055  
