1.18308  
1.80729  
-0.230087  
-0.571731  
-1.29347  
-1.05802  
-0.465235  
-1.06521  
-1.15958  
1.22866  
2.67075  
0.989033  
0.839507  
-0.416626  
-0.408577  
-1.06544  
0.05963  
0.342242  
-0.0579699  
-0.386407  
0.121735  
-0.613744  
0.15658  
0.573356  
1.76964  
0.097345  
-1.90737  
-1.72308  
-1.18878  
-0.982818  
0.580259  
1.26544  
-0.110323  
-1.82941  
-1.14716  
0.432419  
0.416056  
0.519129  
-1.10227  
-0.65772  
-0.398958  
1.67817  
0.905293  
1.23041  
0.847742  
0.181205  
-1.03981  
-0.133867  
-0.0434407  
-0.0857638  
-0.170688  
-0.216392  
0.14284  
0.418975  
-0.162218  
-0.402089  
-1.18522  
-2.34152  
-2.4806  
1.0142  
0.176037  
-0.608846  
-0.933065  
-0.245026  
1.24697  
1.38988  
0.602452  
-0.326203  
0.848275  
1.00075  
1.80894  
1.57364  
1.0355  
0.195965  
0.983993  
0.637568  
-0.452532  
0.701641  
0.760608  
1.75785  
0.248328  
-0.708147  
-0.665394  
-2.06818  
-0.0827338  
0.40238  
-0.65578  
-0.567446  
0.127616  
-0.270111  
1.24888  
0.512842  
-0.262397  
-0.480137  
0.894209  
2.10471  
0.61979  
-2.30712  
-0.978492  
-0.00132585  
0.608832  
-0.457921  
-0.695446  
0.159591  
-0.514957  
-0.635721  
-0.687763  
-1.21623  
-0.435625  
-0.432104  
-0.593859  
-2.16995  
-1.34304  
0.0261181  
1.03896  
-0.284205  
0.499395  
0.445147  
-0.151597  
-0.400309  
1.17231  
-0.0544932  
0.615796  
-0.909195  
-0.696975  
-0.564582  
-1.32622  
-1.57219  
-0.531454  
-0.99804  
-0.885351  
-0.479894  
0.272582  
1.64343  
2.53296  
1.69759  
1.59982  
-0.0924043  
0.939116  
0.542207  
0.83358  
1.08478  
0.641515  
0.260769  
0.543043  
-0.39448  
-0.50345  
-0.0250147  
0.65037  
0.171111  
1.73624  
0.803405  
-0.692733  
-1.93692  
-0.590186  
-0.359574  
-0.128872  
0.235434  
-0.0576499  
-0.702571  
-0.678398  
1.1582  
1.36876  
0.306381  
-1.88109  
-1.40597  
0.816411  
1.32513  
0.461832  
-0.898815  
-0.986249  
-0.376667  
0.114289  
0.33248  
1.63308  
2.18356  
-0.0983701  
-0.16466  
-0.442477  
-0.666153  
-0.787753  
-1.18189  
