-1.24364  
1.17459  
-0.687072  
1.11105  
-0.535238  
-1.12584  
1.17083  
-0.690585  
0.497184  
-0.282647  
1.61802  
-0.817987  
1.63573  
-0.661909  
1.02372  
-1.17097  
1.18692  
-0.631999  
0.876158  
-1.27673  
1.31636  
-0.969465  
1.18797  
-0.67318  
-1.10413  
1.00124  
-0.667535  
-0.384524  
-1.29892  
1.04697  
-0.863553  
-0.90477  
-1.21325  
0.0679  
-0.880968  
1.69399  
-0.891239  
-1.19495  
-0.352912  
-1.14693  
0.0378517  
1.95059  
-0.321197  
1.33023  
0.367381  
0.0301442  
-0.238144  
1.88317  
0.23102  
-0.983328  
0.821906  
-0.617304  
1.44415  
-0.0600314  
1.95359  
0.00687064  
-1.02179  
-0.220841  
-0.931388  
1.1988  
1.45821  
1.42671  
0.339971  
-0.867945  
-0.651502  
0.928079  
0.237102  
-0.667916  
-1.24085  
-0.58149  
-0.715234  
-0.322207  
0.71555  
-0.737667  
-1.25641  
0.906229  
-0.807027  
1.13438  
-0.720554  
-1.19981  
-0.185037  
-1.30368  
1.55309  
-0.903116  
1.17687  
0.156392  
-0.637068  
-1.36995  
0.818545  
-0.831653  
1.65278  
0.0569216  
-1.23555  
1.11731  
-0.646675  
-1.32787  
0.930376  
-0.441438  
1.37013  
-0.238104  
1.74195  
-0.617914  
-1.37327  
0.333172  
-1.25352  
-0.375976  
1.67848  
-0.589875  
0.775618  
-0.295541  
1.72394  
-0.812903  
0.417078  
-1.0178  
1.1687  
-0.4059  
1.99916  
-0.57039  
0.0318872  
-1.06756  
1.68058  
-0.480706  
-0.103637  
0.0277172  
0.893476  
-0.773466  
-1.71447  
0.23173  
-0.239767  
-0.499116  
1.5931  
0.729095  
-0.666398  
1.17532  
0.457512  
-0.508375  
1.79262  
-0.420773  
-1.37302  
0.510829  
-0.124073  
2.03483  
0.561171  
-0.737593  
-1.24974  
0.75958  
-0.348082  
-0.911705  
0.614015  
-1.17246  
1.16545  
-0.746196  
-0.988573  
-0.500434  
-1.44088  
-0.203736  
-0.670766  
1.67063  
-0.449178  
-0.621796  
-0.119518  
-1.16188  
-0.853368  
-0.603103  
-0.348997  
-1.00042  
0.92765  
-0.38358  
1.47117  
-0.354264  
1.34722  
-0.0100224  
1.8088  
0.154429  
-1.21532  
0.291123  
-0.188797  
-1.33992  
0.994291  
-0.165316  
1.96154  
-0.543034  
