-0.308176  
1.2164  
-0.308611  
-0.464942  
-1.52792  
-0.440882  
1.05622  
0.0732798  
-0.457566  
-0.880415  
0.343097  
-0.615767  
-0.402111  
-0.201925  
-0.111344  
-0.527571  
0.360627  
1.09  
4.31761  
-0.906399  
0.335649  
-2.10431  
1.16563  
0.279102  
0.519301  
1.0201  
0.85545  
-0.103345  
-0.547454  
0.3547  
-2.21316  
1.81082  
1.21352  
-2.03756  
-2.3887  
-0.240359  
-2.239  
-0.184325  
-0.027953  
1.5798  
0.680482  
0.383591  
-0.62873  
0.578636  
1.11092  
0.387006  
-1.0943  
-0.41965  
-1.30824  
-1.28189  
-0.685506  
-1.06386  
0.725332  
-0.57055  
-0.560443  
0.237406  
0.178088  
0.526029  
-0.80059  
0.541176  
-0.636828  
0.218009  
0.505685  
2.46366  
1.36086  
-0.512782  
-1.1834  
-0.454928  
1.3361  
0.741837  
-0.43398  
0.777735  
-0.0923667  
-0.969538  
0.419117  
0.488729  
-2.53216  
-1.37978  
0.520178  
1.36622  
0.180948  
-0.950517  
1.39916  
0.574399  
1.1821  
-2.0153  
1.69501  
0.698874  
-0.905837  
-0.4065  
0.427196  
-0.728544  
-0.911422  
-0.17005  
-0.42994  
-1.52731  
-0.54017  
-0.567346  
-0.827115  
-0.249299  
-0.10757  
-0.977903  
-0.314242  
1.02495  
1.60307  
0.748166  
1.18135  
0.249944  
1.72275  
0.592309  
1.67226  
-0.107854  
-1.22036  
-0.534438  
0.481294  
-0.223969  
-0.107898  
0.189476  
-0.424754  
-1.83384  
0.862587  
0.767627  
1.44239  
0.90821  
0.686994  
-0.266309  
-0.0652346  
0.0420267  
-3.81264  
-0.876052  
-0.00105254  
0.144173  
-0.0932494  
-0.116743  
-1.02855  
0.0331481  
0.964686  
0.438931  
1.88049  
0.486695  
-0.965165  
0.301094  
-0.0943709  
-0.294581  
1.60854  
0.784255  
0.353502  
1.0297  
0.422378  
-0.508093  
-0.532047  
-1.06367  
-0.246731  
-0.733324  
0.644908  
-0.269013  
-0.421884  
0.476875  
-0.76314  
0.314497  
0.204044  
-0.663302  
0.142003  
0.986441  
0.383937  
1.22636  
1.22761  
-0.250143  
0.625675  
-0.455013  
-0.357982  
-0.0350135  
0.319302  
-0.634832  
-0.308045  
-0.551955  
-0.84696  
0.354651  
0.279176  
-0.338271  
-0.104138  
-0.475283  
