0.927867  
-0.106144  
-0.299071  
0.841785  
-2.20844  
0.230171  
-0.0997317  
-0.245338  
0.450512  
-1.98861  
0.538204  
-1.44072  
0.518209  
0.827768  
0.765779  
-1.75851  
0.500225  
0.500976  
0.856932  
0.941998  
0.366034  
0.284018  
0.387518  
-1.65503  
0.323728  
-0.218097  
0.0603861  
-0.284059  
0.933223  
0.108916  
0.770067  
1.15485  
1.09583  
-0.301401  
1.02425  
1.07148  
0.805752  
0.830055  
-1.459  
0.349224  
-1.37416  
-0.0381039  
-2.72137  
0.0581752  
-1.28122  
0.413727  
-1.4844  
0.974784  
-1.48481  
0.612521  
0.143315  
0.661864  
0.86601  
-1.77558  
0.333732  
-1.79638  
0.817821  
0.839255  
1.10154  
1.1096  
-1.49557  
-0.258263  
-0.73853  
0.338934  
0.603415  
-0.58963  
-1.70484  
0.188222  
0.67885  
-0.366582  
0.895312  
0.871864  
-0.287834  
0.697254  
1.01623  
0.881361  
0.8884  
-0.984437  
-1.9422  
0.541601  
-1.06391  
0.876917  
0.511646  
0.367089  
0.57734  
-2.20092  
-0.0721026  
0.78843  
0.0997352  
0.858538  
0.144071  
-1.88375  
0.604744  
0.615295  
-1.9171  
1.09917  
0.120608  
-0.492387  
0.718104  
-1.21682  
0.424241  
-1.94458  
0.317558  
-0.192566  
0.72006  
-1.48951  
0.790665  
0.676327  
1.05099  
-1.65618  
0.870342  
0.779888  
0.784448  
0.841511  
0.693613  
-1.47332  
0.669108  
0.000798756  
0.757206  
0.967402  
-0.066515  
-1.64941  
0.781098  
-1.15703  
0.564846  
-2.42342  
0.622949  
-0.655586  
0.517062  
0.427667  
0.630705  
-0.625847  
0.855841  
0.901151  
-1.73615  
-1.88552  
0.812381  
0.574575  
1.22423  
0.460306  
-0.778186  
0.498267  
-1.17214  
0.721226  
1.12288  
-0.0710717  
-1.92352  
0.580585  
-0.236754  
0.723016  
-0.309123  
-1.85003  
0.84548  
0.0902594  
0.904172  
-0.670821  
0.933696  
0.823979  
-1.61419  
0.687336  
-0.610656  
0.704576  
0.408317  
0.681219  
-1.07686  
0.78789  
0.937412  
-2.08045  
0.457337  
-1.19685  
0.7114  
-1.30143  
0.679877  
-1.40378  
0.457416  
1.17686  
-0.503723  
1.07681  
0.197455  
-1.46294  
0.639707  
0.507827  
