0.925618  
0.495602  
-0.55093  
-0.741396  
0.898533  
-1.00603  
-0.0541691  
0.194322  
0.613558  
0.619508  
0.229683  
0.257154  
-1.43169  
-0.763146  
0.451564  
0.701714  
-0.774852  
-0.635798  
1.30711  
0.699008  
-0.326042  
-1.60989  
-0.608868  
1.71806  
0.265328  
0.106526  
-1.42133  
0.318357  
-0.507655  
1.03181  
0.211692  
0.45608  
0.996511  
1.87595  
-0.165876  
-1.13476  
-1.49265  
-2.23553  
-0.268286  
-1.79002  
1.04585  
0.0672424  
-0.124495  
-1.17442  
-0.831054  
-0.420154  
0.812707  
0.646485  
0.771444  
0.523388  
-0.318602  
-0.762873  
-0.301665  
0.530639  
-1.20191  
-1.17179  
-1.16525  
0.800579  
0.691184  
-0.00206033  
1.29569  
1.3474  
0.273625  
-1.99193  
0.0541643  
0.658788  
0.78954  
0.989111  
-0.851796  
1.11045  
1.191  
-0.0580065  
1.20117  
0.412445  
-1.7505  
0.33025  
0.45484  
-0.0194938  
-0.968738  
-1.07123  
0.719364  
1.03172  
0.00653681  
-1.91889  
-0.280239  
1.70083  
1.73749  
-0.651798  
-1.04462  
-0.791905  
0.283018  
0.414893  
-0.791474  
-0.501732  
0.575415  
0.103338  
1.81481  
0.576269  
-0.833995  
0.212093  
-0.0798791  
0.551543  
-1.66531  
-1.30893  
-1.10865  
1.41553  
-1.57003  
-1.05258  
0.00139183  
2.30987  
1.00851  
-0.151986  
-0.801765  
0.0515007  
0.818707  
0.908825  
-0.698587  
-0.344112  
0.327308  
0.159472  
0.0946182  
0.202406  
-1.24435  
-0.744037  
-0.893326  
0.562988  
-2.00479  
-1.16778  
1.89968  
1.96992  
0.126253  
-0.704593  
-0.675336  
0.53683  
1.25804  
1.5953  
0.30658  
0.0285992  
-1.46004  
1.48478  
1.82832  
-0.220604  
-0.919902  
-1.2725  
-1.43736  
1.49614  
1.8453  
-0.49733  
-0.5761  
-0.359399  
0.589218  
0.37345  
-1.2653  
-0.12127  
-1.64965  
0.121691  
0.715144  
1.20264  
1.25989  
-1.27307  
-1.27108  
-1.9332  
-0.121212  
-0.405375  
0.141864  
-0.638315  
1.16423  
1.72229  
-0.469628  
0.0407475  
-0.0993779  
1.19868  
0.512012  
1.09548  
0.505539  
-1.04974  
-0.607042  
-0.543827  
1.42465  
0.58049  
-1.9526  
-0.104337  
