0.543416  
-0.390641  
-0.295926  
0.204058  
1.57101  
1.93131  
1.24021  
0.676772  
-0.869156  
-0.0335676  
0.336403  
0.50676  
-0.268962  
-0.111812  
-0.099529  
-0.214816  
-1.43559  
-1.44556  
-1.9269  
-0.716615  
-0.304716  
0.351015  
1.03009  
0.885461  
0.574548  
0.101051  
-0.402974  
-1.75289  
-1.30596  
-0.171896  
0.162979  
-0.0309484  
0.193028  
0.209853  
0.876791  
0.0708851  
0.0922526  
0.403421  
0.292334  
-0.222151  
-1.64355  
-2.42131  
-2.0467  
-1.21926  
0.115187  
0.608787  
0.880845  
0.270267  
0.427458  
0.30015  
-0.146928  
-0.157304  
-1.19407  
-1.03727  
0.222312  
0.911947  
1.77676  
1.05287  
0.90488  
0.881573  
1.06534  
-0.0695333  
-1.07347  
-0.29189  
0.88642  
1.40438  
1.36582  
0.0943003  
-1.40555  
-0.744031  
1.25266  
1.78333  
1.12237  
0.794612  
0.249143  
-0.743154  
-1.57442  
-1.51658  
-0.947288  
-0.399595  
-0.198447  
-0.109144  
-1.05211  
-0.976628  
0.140583  
0.375533  
-0.289014  
-0.322202  
-0.326072  
-0.0131011  
0.250988  
0.573085  
0.641841  
0.207228  
0.0133769  
-0.0181515  
0.00434453  
-0.410965  
-0.549603  
0.848699  
1.34425  
2.40517  
2.74918  
1.52536  
0.453049  
-0.038945  
-0.635396  
0.274829  
0.687533  
1.05732  
0.705127  
0.234072  
-0.293212  
0.855787  
0.489849  
-0.0529911  
-0.80293  
-1.01847  
-1.36321  
-0.929055  
-1.78879  
-1.72011  
-1.19324  
-0.479496  
-0.153191  
-0.142293  
-0.408833  
-0.718938  
0.0436439  
0.85091  
0.323294  
0.0448047  
0.259879  
-0.275217  
-0.124157  
0.516944  
0.00386419  
0.541748  
1.14846  
0.643409  
0.621096  
0.600974  
0.628487  
1.03567  
0.668383  
-0.517138  
-0.927992  
-1.62069  
-2.78153  
-2.85526  
-2.50482  
-1.28906  
-0.478331  
-1.08034  
-0.18906  
-0.210005  
-0.0443411  
0.234418  
0.44373  
0.762705  
0.540589  
0.451953  
0.493284  
-0.155646  
-0.175683  
0.386871  
0.66974  
2.07298  
2.70558  
2.43053  
1.58321  
0.739729  
0.278569  
-0.885246  
-1.48155  
-1.38859  
-0.60648  
-0.658959  
-1.67646  
-0.684733  
0.585605  
0.475031  
