0.787863  
0.612884  
0.593562  
0.026684  
0.213488  
0.164816  
-0.203914  
0.319984  
-1.09878  
-0.556023  
0.75584  
1.10175  
-0.575852  
-0.222502  
-0.142982  
-0.588832  
-1.53884  
-0.166699  
-0.130127  
0.868049  
0.643396  
0.48137  
-0.155083  
-0.414628  
-0.956116  
-0.911153  
0.371053  
1.02538  
2.026  
1.5375  
0.523103  
-1.3458  
-1.26351  
-1.8022  
-0.769996  
-0.773061  
-0.347662  
-0.285832  
-0.274363  
-0.784914  
-0.816314  
0.13336  
0.244821  
-1.81656  
-1.27061  
-1.13212  
-0.363799  
-0.618421  
-0.090693  
0.696099  
-0.200559  
-0.0146218  
-1.36162  
-1.3501  
0.101114  
0.422355  
1.0108  
0.0417506  
-0.0438144  
0.127409  
0.255995  
-0.37552  
-0.349503  
-0.134542  
0.234573  
0.24398  
0.324793  
1.35584  
1.45831  
0.724783  
0.311472  
0.949997  
1.21385  
1.29859  
0.854132  
0.0306596  
-0.0788308  
0.490744  
1.26254  
0.810361  
1.2921  
2.36079  
1.38806  
0.223613  
-0.932748  
-0.754516  
0.0485523  
-0.0524908  
-0.0807795  
-0.241762  
0.237289  
0.730858  
1.50469  
1.44069  
0.43976  
-1.55476  
-2.85672  
-2.18924  
-0.907432  
0.106102  
0.635857  
0.944918  
0.854905  
-0.122117  
-0.540308  
-0.483201  
-0.364215  
-0.55831  
-1.41396  
-1.41433  
-0.507157  
0.208825  
-1.23492  
-0.870994  
-0.664228  
-0.118408  
-0.44193  
-0.464036  
-1.31262  
-0.374831  
-0.84554  
-0.310381  
0.300091  
1.07447  
0.671865  
0.35662  
0.664789  
0.820762  
1.21788  
0.262473  
0.0104692  
0.494482  
0.471988  
-0.595829  
-0.720055  
0.729558  
1.28261  
1.9414  
1.44197  
-0.551658  
-1.58921  
-0.874011  
-0.87812  
-1.61113  
-2.60124  
-0.901038  
1.96707  
3.08991  
2.57907  
2.27452  
1.13465  
0.144955  
-0.667529  
-2.15881  
-1.72743  
-1.27412  
-1.45265  
-1.21183  
-0.0927528  
0.604966  
-0.0340861  
-0.0404413  
0.857222  
0.563696  
1.00102  
1.21296  
0.73841  
0.633295  
1.03057  
1.23045  
-0.414815  
-0.418352  
0.913756  
0.557047  
0.0113868  
-0.346529  
-0.208277  
-0.895531  
-1.82306  
-0.533378  
0.0383735  
-0.832506  
