0.939437  
1.66029  
1.19771  
1.4674  
0.461707  
-0.438561  
-0.565277  
-0.833244  
-1.24459  
-0.155943  
-0.166592  
-1.01754  
-0.640431  
-0.127151  
0.586892  
0.16394  
-0.967993  
-1.75015  
-1.59725  
-0.938748  
-0.103857  
-0.279699  
0.48266  
-0.274918  
-0.0375633  
0.955218  
1.82932  
1.51952  
0.831163  
0.560002  
-0.450987  
0.126158  
0.411527  
0.345635  
0.179758  
0.481621  
-0.256762  
0.232857  
-0.0010568  
-0.401743  
-1.91712  
-1.8698  
-2.27971  
-0.922418  
0.474288  
1.52213  
0.620265  
-1.26403  
-1.53156  
-1.89597  
-1.45456  
-1.29579  
-1.15006  
-0.85709  
-0.174915  
0.377906  
1.09089  
1.06285  
0.363128  
0.380684  
0.469575  
0.733489  
1.03621  
1.78703  
1.87135  
1.8055  
1.38549  
0.359162  
0.444623  
0.663299  
0.911359  
1.40104  
0.62427  
-0.897662  
-1.06084  
-0.751743  
-1.81144  
-1.91552  
-1.83086  
-0.945669  
-0.299815  
-0.438537  
-0.183884  
-0.450077  
0.662321  
1.34642  
0.0854309  
0.197524  
0.112608  
0.223402  
0.88401  
0.843394  
0.569724  
0.393627  
0.517858  
0.386969  
0.564779  
-0.075629  
0.0366613  
0.213943  
0.237902  
-0.461551  
-0.419135  
-0.7283  
-0.53051  
-0.0768738  
0.957153  
0.768985  
0.64674  
0.14144  
-0.0676614  
-0.938709  
-1.17453  
-0.174173  
-0.172655  
-0.957142  
-0.213296  
-0.370224  
-0.427057  
-0.635295  
-0.357294  
-0.860055  
0.0673125  
0.13769  
-0.0660258  
-0.529215  
-0.439419  
-0.142726  
1.14948  
1.05153  
1.29148  
1.08556  
0.608013  
0.17968  
0.686684  
1.03727  
1.47029  
0.177066  
-0.636465  
-1.56006  
-1.50697  
-0.820165  
-1.54365  
-1.88257  
-0.919561  
0.775815  
1.02333  
0.794709  
-0.319287  
-0.230911  
0.846984  
0.859362  
1.70822  
1.37727  
0.557186  
-0.433657  
0.0248171  
0.662105  
0.82652  
1.36888  
1.047  
1.19489  
1.09004  
0.2876  
-0.892832  
-1.101  
-1.75803  
-2.1099  
-1.04889  
-1.66434  
-2.52324  
-2.35365  
-1.0825  
0.080795  
0.695357  
2.11253  
1.88634  
1.1632  
0.340125  
0.106563  
0.312288  
-0.0379423  
