-0.655207  
0.549853  
0.766798  
2.14227  
0.670754  
-1.36856  
0.163383  
0.105954  
1.2907  
-1.02753  
0.0770638  
-0.528046  
0.130616  
0.399663  
0.699931  
-2.00461  
-0.28974  
0.28957  
1.4807  
-2.35508  
0.295473  
-0.917979  
0.912321  
-0.378602  
-0.985924  
0.470917  
-1.2753  
1.67873  
-1.9574  
0.38311  
0.0205894  
-0.837227  
0.502435  
0.342847  
-2.33021  
0.246659  
-0.405619  
-0.0156313  
0.945075  
-2.16346  
0.461556  
-1.0929  
-0.0397283  
0.752983  
0.664942  
1.27883  
1.15587  
0.956912  
0.0438691  
-1.18927  
0.304683  
-0.979736  
0.995248  
0.195633  
-0.876221  
0.826458  
-0.8647  
1.80252  
-1.15168  
0.667616  
-1.00882  
-0.035511  
1.74353  
-0.279056  
1.01536  
0.361652  
0.874451  
-0.166954  
0.364586  
1.53808  
-0.701768  
-0.803129  
0.253346  
-0.182455  
-1.31757  
1.19378  
0.131654  
-0.186712  
1.10523  
1.59084  
0.776608  
-2.4403  
0.00726782  
-1.66408  
0.449604  
-0.801597  
-0.0915774  
-0.369546  
1.18098  
-0.732989  
-0.390954  
0.769042  
-1.17021  
0.715965  
0.643021  
-1.66908  
0.374124  
-0.24484  
1.23667  
0.257863  
-0.0988609  
0.765703  
-1.16293  
0.646107  
0.579658  
-0.225418  
-1.2443  
0.0525225  
1.66539  
0.0280121  
-0.301195  
-1.30632  
1.19918  
-1.54477  
-0.0908839  
-0.15219  
0.239122  
-0.171961  
0.971544  
-2.69908  
-0.743796  
0.117161  
1.00131  
1.23351  
0.0205608  
0.695699  
-1.49633  
1.22928  
-0.942362  
-0.248503  
-0.478739  
0.627203  
-0.16983  
1.51052  
0.50125  
-0.277817  
0.672338  
0.344898  
-1.3858  
0.835608  
-1.04928  
-1.29251  
0.918925  
0.442963  
-1.28625  
0.217097  
-0.785876  
-0.425006  
0.984481  
-1.69064  
-0.460395  
-0.210527  
-0.205233  
1.39957  
-1.23612  
0.928227  
-0.887749  
0.329547  
0.436411  
-0.369797  
1.59537  
-0.0289145  
-1.03381  
1.91985  
1.90842  
-0.348651  
1.64563  
-0.322852  
-1.17415  
1.04521  
1.50784  
-0.331636  
-1.06542  
0.232672  
-0.616972  
0.765995  
1.51517  
-1.57019  
-0.589009  
-0.81029  
-0.919239  
-0.587015  
