0.00260486  -0.000404564  -0.000111155  -0.00278995  -0.0699677  0.0136982  
0.0020062  -0.000787977  -0.000111155  0.0144767  -0.0802679  0.014544  
0.00297375  -0.00062775  -0.000111155  -0.00172651  -0.071701  -0.0162195  
0.00183165  -0.000208583  -2.34676e-05  -0.00595265  -0.0922769  0.0269831  
0.00160429  -0.000453356  -2.28143e-05  -0.0084022  -0.0572399  0.0181623  
0.00200563  -0.00020028  -0.000111155  -0.00879735  -0.0934687  0.0273202  
0.00185146  -0.000459872  -0.000111155  -0.00592855  -0.0882988  0.0242119  
0.00185146  -0.000225633  -0.000189318  -0.00916898  -0.0970923  0.0373188  
0.00185146  -0.000308107  -0.000111155  -0.00816023  -0.0927281  0.0560959  
0.00183541  -0.000206854  -0.000111155  -0.00802563  -0.092765  0.0415974  
0.00185178  0.000152848  -0.000111155  -0.00866743  -0.109108  0.0533365  
0.00175145  -0.000367081  -0.000111155  -0.0104807  -0.0927271  0.0436  
0.00216166  -7.28281e-05  -0.000245891  -0.00681124  -0.110075  0.0676365  
0.00129794  1.30892e-06  -0.000222771  -0.0106892  -0.0976555  0.0642847  
0.00165969  0.000238877  -0.000111155  -0.0254784  -0.0976274  0.0704309  
0.00185696  0.000238877  -0.000111155  -0.00364347  -0.0976719  0.0480846  
0.00194956  -0.000189168  -0.000111155  -0.00619597  -0.0723677  0.0787091  
0.000936069  0.000238877  -0.000111155  -0.0084453  -0.0433752  0.0698288  
0.00144227  0.000238877  -0.000111155  -0.0189379  -0.0328477  0.0947886  
0.00158754  0.000238877  -0.000193952  -0.00351731  -0.00948818  0.0996425  
0.00124337  0.000111809  -0.000111155  -0.000235735  -0.0807174  0.0741364  
0.000729086  2.84254e-05  -0.000111155  -0.0181505  -0.0400199  0.0892948  
0.00161827  -0.000267888  -0.000111155  -0.0152933  -0.0181428  0.0487747  
0.00142397  1.49229e-05  -0.000111155  -0.0170884  -0.0358976  0.0571193  
0.00137485  -0.000241416  -0.000111155  -0.0053347  -0.0430921  0.0633377  
0.00156661  1.89245e-06  -0.000111155  -0.0109589  -0.0550441  0.0406333  
0.000940292  -0.000307145  -0.000111155  -0.0119927  -0.0339914  0.0742693  
0.00101152  -0.000257074  -0.000111155  -0.0276222  -0.0187922  0.0854904  
0.00114196  -7.36095e-05  -0.000122499  -0.0119466  -0.0188509  0.0761716  
0.00116295  -0.000189153  -8.0586e-05  -0.00368024  -0.0204896  0.0444615  
0.00194872  -0.00015473  0.00016039  0.00666304  -0.0610026  0.0512185  
0.00122883  -6.5339e-05  -1.69367e-05  0.00669461  0.00660632  0.0604305  
0.00111907  0.000171571  -1.69367e-05  -0.00136501  -0.059425  0.0469443  
0.000717042  -1.79899e-05  4.39617e-05  -0.00901062  -0.0699968  0.0778139  
0.00111532  0.000289121  -0.000190446  0.000247784  -0.0235434  0.0949112  
0.000714863  0.000289121  -1.69367e-05  0.00561811  -0.0404732  0.0816537  
0.000245416  0.000289121  -0.000214552  -0.00268989  -0.0336227  0.0757949  
0.000756808  -0.000364001  -1.69367e-05  -0.0128708  -0.0672564  0.0704249  
0.000177449  6.7975e-05  -1.69367e-05  -0.010998  -0.0428744  0.0447109  
0.000839045  -0.000176633  -1.69367e-05  -0.0211594  -0.0290347  0.0464915  
0.000432577  -2.64841e-05  -1.69367e-05  -0.00672665  -0.0178115  0.0581719  
0.00107939  0.000205508  -1.69367e-05  0.00102607  -0.0638046  0.0495988  
-7.49577e-05  -7.85615e-05  -1.69367e-05  -0.00639978  -0.026952  0.0536091  
0.00101152  -0.000559262  -1.69367e-05  -0.000239467  -0.0100786  0.0458011  
0.000669381  -7.85615e-05  -1.69367e-05  -0.00240647  -0.0140184  0.0374249  
0.000953938  -0.000201914  -0.000100639  -0.00851547  -0.00908388  0.0461421  
0.000381448  -7.85615e-05  -1.69367e-05  -0.00760186  -0.0122046  0.0604937  
0.000969431  -7.85615e-05  -1.69367e-05  -0.0113582  -0.0263754  0.0777766  
0.000497305  -7.85615e-05  -1.69367e-05  -0.0150921  -0.0183894  0.0525613  
0.000874305  -0.000155098  -1.69367e-05  -0.0185039  -0.0358873  0.0525705  
0.000665095  -8.47457e-06  -1.69367e-05  -0.0143119  -0.0183926  0.0794093  
0.000330524  3.91465e-06  -1.69367e-05  -0.00904478  -0.0215294  0.0685874  
0.000496527  8.45936e-06  -1.69367e-05  -0.00831858  -0.0184109  0.0772199  
0.000513558  -0.00030653  -1.69367e-05  -0.0125803  -0.0184165  0.0766299  
0.000620088  -0.000104737  -1.69367e-05  -0.00597081  -0.0322372  0.0719684  
-6.37912e-05  -0.000433946  -1.69367e-05  -0.00753828  -0.0184089  0.0467116  
0.00035615  0.000137307  -1.69367e-05  -0.0185414  -0.0183893  0.0440601  
0.000790403  -8.68533e-05  -1.69367e-05  -0.0185761  -0.0184141  0.032446  
0.000757655  -0.000244017  -3.3664e-05  -0.00435515  -0.0184238  0.0643818  
0.00224885  2.35421e-05  0.000404567  0.0223087  -0.0478544  -0.0100287  
5.08314e-05  0.000535863  0  0.00573129  0.024635  0.00686804  
0.000848021  0.000164226  0  -0.00204908  -0.0259259  -0.00490126  
0.00120593  2.84797e-05  0  -0.00372412  -0.0123154  0.00629038  
0.000955934  -0.000101503  0  -0.00356098  0.0150243  0.0216632  
0.000955934  -9.83311e-05  0  -0.00919663  -0.00903582  0.033608  
0.000519891  -2.44647e-07  0  -0.00912433  -0.000822297  0.011973  
0.000503798  -0.000116245  0  0.00324728  -0.0215467  0.00275945  
0.00105682  -2.44647e-07  -0.000103478  -0.00525555  -0.0215562  0.0101091  
0.000635033  -0.000165068  9.26362e-05  -0.0195516  -0.0141417  0.0213086  
0.000186692  -2.44647e-07  0  -0.012933  -0.00384998  0.0377105  
0.00110962  -2.44647e-07  0  -0.019559  -0.0189104  0.0426476  
0.000705407  -7.12426e-05  0  -0.0195569  -0.0185493  0.0308035  
0.000910371  -2.44647e-07  -0.000216584  -0.0124065  -0.0210636  0.00963832  
0.000637256  -2.44647e-07  0  -0.019559  -0.0348933  0.0284586  
1.80401e-05  -2.44647e-07  0  -0.019559  -0.0333124  0.0550194  
0.000218825  -2.44647e-07  -7.98277e-05  -0.0195586  -0.0142305  0.0459542  
0.000497817  -2.44647e-07  0  -0.019559  -0.0206945  0.0626538  
0.000202002  -2.44647e-07  0  -0.00932047  -0.00578535  0.0602573  
0.000572152  -2.44647e-07  0  -0.0096776  -0.0269269  -0.000434176  
0.000685466  -2.44647e-07  0  -0.0085254  -0.00274927  0.0355588  
0.000685466  -0.000119364  0  -0.0195576  -0.00274928  0.0146197  
0.000468467  -2.44647e-07  -0.000247429  -0.00582154  -0.0184206  0.0299277  
0.000392426  6.13964e-05  -3.30872e-24  -0.00441145  -0.0332612  0.00925273  
0.000533464  -0.000149046  0  -0.0111415  0.0147067  0.0340939  
-1.9196e-05  0.000174169  4.1359e-25  -0.00883651  -0.00297848  -0.0235949  
-0.000276593  0.000518869  0.00013519  0.0126568  -0.0400839  -0.0151732  
6.03128e-05  0.000152871  0  -0.00901148  0.0303304  -0.0152407  
0.000683024  -0  0  -0.0195989  -0.00951849  0.0201166  
-0.000700678  -0.000117364  0  -0.00926777  -0.0068104  0.0208437  
9.46447e-05  -0  0  -0.0111735  0.00940458  0.0397134  
0.000192547  -0.000197429  0  -4.03397e-06  -0.00958177  -0.0267542  
0  -0  0  0  0  0  
0.000676834  -0  -0.000190494  -0.0121795  -0.00889464  0.0274874  
-0.000164383  -0  0  0  -6.34315e-05  0.0304539  
-0.000163497  -0  0  0  -0.00919104  -0.0258444  
0.00016583  -0.000436635  0  -1.03657e-05  -0.0164591  -0.0258636  
0.00036295  2.83102e-05  0  0.00391674  -0.000981399  0.000513771  
0.00036295  -0.000564287  -2.64698e-23  -0.00590525  -0.0226758  -0.025861  
0.000257323  2.83102e-05  6.64301e-05  -1.13363e-05  0.000967773  0.0324162  
0.00036295  -0.000666395  5.29396e-23  -3.4611e-05  -0.00483387  0.00124187  
0.000212139  -0.000284608  7.16411e-05  -2.75098e-05  0.00559725  -0.0428887  
4.16802e-06  -0.000244338  0  -3.98512e-05  -0.00750953  -0.0382939  
-0.000920733  -0.000605694  0  -0.00890091  -0.0216734  -0.00930452  
6.08583e-05  -0.000926295  0  -6.57352e-05  0.0170332  -0.0300896  
-0.000170729  -0.000577847  0  -0.0110916  0.00561955  -0.0300704  
-9.72941e-05  -0.00027527  0  -5.81826e-05  0.00562656  -0.0300884  
0.000129617  -0.000534345  0  -6.20758e-05  -0.0090903  -0.0301039  
-0.000113724  -0.000322909  0  -8.85846e-05  0.0101916  -0.0463707  
-0.000113724  -0.000289668  0  -6.68178e-05  -0.00906514  -0.0463742  
2.78411e-06  -0.000143724  0  -0.011388  -0.00166267  -0.0370332  
0.000953224  -0.000121678  0  -0.00735925  0.00901692  -0.00771917  
-0.000111537  -0.000177936  0  -0.0125323  0.00438601  -0.0425102  
0.000139662  -0.000217382  0  -0.0171753  0.0250657  0.0366028  
-0.000239493  -2.4078e-05  0  -0.0145463  0.0020469  -0.0436933  
-0.000312597  7.5541e-05  0  -0.00692011  0.00491351  -0.0345938  
0.000190226  2.9681e-06  0  -0.010631  0.00951886  -0.0421529  
0.000595822  0.000124576  0  -0.0085177  -0.0210049  0.0101736  
-0.000333182  -0.000225725  0.000105593  -0.0138675  -0.00674535  -0.0421326  
0.000584898  -0.000470603  0.000224065  -0.0145729  -0.00328624  0.00745502  
0.000394777  0.00028151  6.05402e-05  -0.0131361  -0.0124575  0.0223645  
-4.86587e-06  0.00010952  7.35344e-05  -0.0094267  -0.00323192  -0.0199036  
-1.35029e-05  -0.000369462  0  -0.0149185  -0.00321482  -0.032197  
0.00104302  -0.000269654  0  -0.0136107  -0.00321757  -0.00111203  
-0.000493372  -0.000655036  0.000228378  -0.0204343  0.0237606  0.00908688  
0.00101713  -0.000303259  -5.29396e-23  -0.00886069  0.00556705  0.00686282  
-0.000154094  -0.000274252  0.000160468  -0.00498492  0.0120888  -0.010162  
-0.000246864  -0.000749792  0  -0.00361418  -0.0124441  -0.0156946  
-0.000520508  -8.29063e-05  0  -0.00361496  0.0157648  -0.0165954  
-1.14844e-06  0.000273182  0.000350897  0.0195112  -0.0124581  -0.0779979  
9.99226e-05  2.25404e-05  0  -0.00360582  0.00323211  -0.0524366  
0.000312789  0.000167866  0  -0.00359403  -0.00908509  -0.0329693  
-5.52887e-05  -0.000567418  0  -0.00361529  0.0152164  -0.0179944  
5.61988e-06  -7.77443e-05  0  -0.0167961  0.0206031  -0.0604842  
0.000408682  3.61984e-05  7.44368e-05  -0.00691344  -0.0038346  -0.06572  
-2.49133e-06  0.00032889  0  -0.00689948  0.000795535  -0.047341  
4.8503e-05  -0.000359813  0  -0.00693732  -0.0123469  -0.04263  
0.000461117  -0.000158319  0  -0.00150136  -0.00463293  -0.0367191  
5.17747e-05  -0.000155563  0.000110103  -0.0028719  -0.0123339  -0.0684544  
-0.000315542  -0.00042983  2.64698e-23  -0.00693839  -0.0122624  -0.0465188  
8.06976e-05  -0.00049703  0.000135058  -0.00693892  -0.012314  -0.0560602  
6.67294e-05  -0.000208763  0.000407572  -0.00691798  0.023668  -0.0473557  
-7.79408e-05  -0.000120951  0  -0.00693577  0.0132869  -0.0555751  
0.000294547  -9.04864e-06  0  -0.00693465  -0.00165583  -0.0541568  
0.000447717  -0.000278279  0  -0.0069523  0.0159653  -0.088368  
0.000217309  -0.000733045  0  -0.00697019  0.000274752  -0.0736387  
0.000447717  -0.000258029  7.04607e-05  -0.00695143  -0.004629  -0.0736346  
0.000447717  -0.000151712  0  -0.00695081  0.0113716  -0.0736307  
0.00097413  -0.000333997  0  -0.00695136  0.00110089  -0.0521872  
0.000252211  -0.000251712  0  -0.0069506  0.024924  -0.0485788  
7.66165e-05  -0.000151712  0  -0.0169466  0.0274849  -0.0535661  
7.66165e-05  0.000396407  0  -0.0131677  0.0141897  -0.0492283  
7.66165e-05  -0.000128491  0.000168674  -0.0142791  0.0153488  -0.0625737  
0.000136078  -0.000296451  0  -0.00649156  -0.0157536  -0.0713714  
-0.000183657  -0.000303257  0  -0.00296748  0.0152386  -0.0735744  
0.000254717  -0.000287319  9.69855e-05  -0.0029899  -0.0109771  -0.0887848  
0.000169727  -0.000287319  7.6298e-05  -0.0029879  0.0290109  -0.061559  
0.00046653  -0.000287319  0  -0.00299069  0.00622905  -0.0714164  
0.000426166  -0.000287319  0  -0.00299069  0.0222483  -0.0692439  
0.000108865  -0.000287319  9.96235e-05  -0.00298636  0.0222712  -0.0692365  
0.000449192  -0.000302246  0.000101869  -0.00298903  0.00066822  -0.0583625  
3.68295e-05  -0.000126125  0  -0.0029958  0.0302508  -0.0608522  
0.000214204  -0.000620265  0.000314105  0.00587237  0.0459677  -0.101466  
-0.000189101  4.85122e-05  6.77432e-05  0.00281822  0.0149678  -0.0608323  
0.000699115  -0.000490625  0.000128618  -0.00304212  -0.00173546  -0.0744366  
0.000459656  -0.000490625  0.000111415  -0.00304028  0.011353  -0.0835779  
0.000140587  -0.0002064  -3.1035e-05  -0.00301611  0.0108032  -0.0895347  
-0.00021363  -0.0005934  0.000190628  -0.00303905  -0.00167892  -0.077031  
0.000147155  -0.000470956  -1.67246e-05  -0.00301872  0.0197253  -0.0849101  
0.000546702  -0.000132519  -5.84829e-05  -0.00299219  0.00321104  -0.0944288  
-0.000261237  -0.000432821  7.54617e-05  -0.00300443  -0.00331239  -0.0944199  
0.00087244  -0.000565899  0.000190628  -0.00300451  0.0283855  -0.0875861  
0.000375405  -0.000430909  0.000190628  -0.00299521  -0.0061771  -0.0944468  
6.94771e-05  -0.0003618  0.000190628  -0.0106623  -0.000110863  -0.0944211  
-7.35928e-05  -0.000292624  -2.80584e-05  -0.00299977  0.00478104  -0.0777292  
0.000382762  -0.000239492  0.000132514  -0.0095122  -0.00184723  -0.0944334  
0.000562601  -0.000132519  0.000190628  -0.00298794  0.00170571  -0.0650792  
0.000290336  -0.000132519  0.000190628  -0.00298794  0.0197861  -0.0810002  
0.000306202  -0.000250862  0.000190628  -0.00579278  0.0150011  -0.094443  
0.000220303  -0.000132519  0.000190628  -0.00298794  0.0200853  -0.075886  
0.00032718  -0.000316488  -1.98908e-05  -0.00301067  0.0200441  -0.0944275  
0.000140925  -0.00021759  -4.26217e-05  -0.00300674  -0.0137649  -0.0712936  
-0.000448952  -0.00032572  0  -0.00863063  0.027512  -0.0801161  
