6.20489  3.06385  7.8078  -3.34403  
4.41389  2.17949  52.0344  -8.41972  
4.22779  2.0876  156.315  -13.8002  
4.12003  2.03439  23.4447  -51.4513  
3.7111  1.83247  40.8363  -47.2036  
3.65674  1.80562  9.59743  -6.55534  
3.52474  1.74045  13.9021  -4.13172  
3.47054  1.71368  8.82375  -3.54012  
3.40084  1.67927  26.4173  -3.9553  
3.34739  1.65287  11.5458  -10.3697  
3.34588  1.65213  8.15573  -9.16114  
3.23861  1.59916  42.6811  -5.35067  
3.21407  1.58704  58.5913  -16.537  
3.17431  1.56741  7.2914  -6.22791  
3.1529  1.55684  27.088  -70.371  
3.15009  1.55545  3.76902  -3.75287  
3.13294  1.54699  29.8262  -6.58347  
3.10822  1.53478  11.9305  -4.58399  
3.09613  1.52881  13.3295  -26.2531  
3.05671  1.50934  15.3963  -6.07951  
3.0131  1.48781  4.36712  -11.1112  
2.95215  1.45771  4.12881  -3.55299  
2.92762  1.4456  3.64709  -4.34926  
2.91983  1.44176  7.28933  -10.0527  
2.8895  1.42678  7.05636  -8.86682  
2.87812  1.42116  21.8412  -12.8171  
2.76829  1.36693  17.8231  -8.00361  
2.74762  1.35672  8.55075  -16.6038  
2.57989  1.2739  3.67415  -3.97881  
2.57607  1.27201  7.75797  -8.47272  
