0  1  0  0.441143  0.40339  0.258865  0  
0.196253  0.768409  0.196253  0.601594  0.556291  0.454876  0.225356  
0.374431  0.681045  0.374431  0.745129  0.693708  0.631684  0.428643  
0.49422  0.478224  0.49422  0.833609  0.780909  0.744224  0.56036  
0.567914  0.32039  0.567914  0.879282  0.82905  0.804708  0.636406  
0.632525  0.284391  0.632525  0.916816  0.869697  0.856009  0.701771  
0.683489  0.234415  0.683489  0.942168  0.89917  0.89221  0.75121  
0.730936  0.218844  0.730936  0.964542  0.92585  0.925432  0.796669  
0.767853  0.18013  0.767853  0.977799  0.944147  0.946726  0.830179  
0.8019  0.167827  0.8019  0.988724  0.96024  0.96555  0.860548  
0.827542  0.13658  0.827542  0.992722  0.969943  0.974663  0.88181  
0.851592  0.129439  0.851592  0.995565  0.978513  0.9828  0.901458  
0.874679  0.124612  0.874679  0.997769  0.986422  0.990653  0.920162  
0.897661  0.122732  0.897661  1  0.994272  0.999173  0.938784  
0.914207  0.0984251  0.914207  0.997293  0.997545  1  0.950881  
0.928343  0.0887392  0.928343  0.992923  0.999224  0.998441  0.960706  
0.941061  0.0827331  0.941061  0.987652  1  0.995771  0.969245  
0.951709  0.0744209  0.951709  0.98107  0.999501  0.991084  0.975966  
0.960296  0.0663924  0.960296  0.973287  0.997828  0.984437  0.981014  
0.968841  0.0655712  0.968841  0.965561  0.996125  0.978389  0.98602  
0.976032  0.0601537  0.976032  0.957123  0.993693  0.971228  0.989986  
0.983022  0.0588381  0.983022  0.948651  0.991149  0.964384  0.993793  
0.987069  0.0478755  0.987069  0.938688  0.987166  0.954381  0.995549  
0.990601  0.0457219  0.990601  0.928572  0.982963  0.944339  0.99699  
0.993475  0.0432585  0.993475  0.918266  0.978505  0.934114  0.99807  
0.996451  0.0430698  0.996451  0.908072  0.974069  0.92447  0.999179  
0.998938  0.0410026  0.998938  0.897744  0.96943  0.914717  1  
0.999531  0.0345347  0.999531  0.886768  0.964118  0.903306  0.999862  
0.999904  0.0335367  0.999904  0.875799  0.958733  0.892122  0.999619  
1  0.0323764  1  0.864822  0.953258  0.881081  0.999249  
0.999882  0.0313847  0.999882  0.853855  0.947712  0.870219  0.998777  
0.998861  0.0284465  0.998861  0.842703  0.941917  0.858856  0.997951  
0.997559  0.0273613  0.997559  0.831558  0.936046  0.847604  0.997016  
0.995866  0.0259939  0.995866  0.820393  0.930077  0.836353  0.995941  
0.993483  0.0239924  0.993483  0.809159  0.923964  0.824875  0.99466  
0.991047  0.0236158  0.991047  0.797998  0.917835  0.813698  0.993358  
0.988727  0.0235215  0.988727  0.786932  0.911713  0.802896  0.992064  
0.985072  0.0199257  0.985072  0.775687  0.905346  0.791309  0.990422  
0.980789  0.018369  0.980789  0.764433  0.89889  0.779601  0.988653  
0.976528  0.0181342  0.976528  0.753262  0.892427  0.768188  0.986875  
0.971629  0.0166738  0.971629  0.742094  0.885887  0.756666  0.984987  
0.966818  0.0165546  0.966818  0.731015  0.879347  0.745452  0.983098  
0.961146  0.0147696  0.961146  0.719929  0.872719  0.734007  0.981084  
0.955428  0.0144739  0.955428  0.708921  0.866082  0.722795  0.979057  
0.94965  0.0141425  0.94965  0.697991  0.859434  0.711793  0.977014  
0.943252  0.0129741  0.943252  0.687095  0.852736  0.700731  0.974901  
0.936949  0.0128781  0.936949  0.676289  0.846038  0.689935  0.972787  
0.930043  0.0117798  0.930043  0.665525  0.839299  0.679087  0.970614  
0.922699  0.0110824  0.922699  0.654825  0.832535  0.668304  0.968407  
0.915451  0.0110116  0.915451  0.644213  0.825772  0.657769  0.9662  
0.908332  0.0109556  0.908332  0.633692  0.81901  0.647477  0.963995  
0.900519  0.0098648  0.900519  0.62322  0.812211  0.637111  0.961738  
0.891765  0.00872689  0.891765  0.612802  0.805381  0.626652  0.959435  
0.88275  0.00840761  0.88275  0.602465  0.798543  0.616341  0.957122  
0.873654  0.00827011  0.873654  0.592215  0.791703  0.606225  0.954806  
0.86471  0.00824772  0.86471  0.582054  0.784864  0.596328  0.952491  
0.85592  0.00822029  0.85592  0.571983  0.778025  0.586643  0.950176  
0.847183  0.0081323  0.847183  0.562001  0.771185  0.577145  0.947861  
0.838555  0.00807279  0.838555  0.552107  0.764345  0.567836  0.945545  
0.829773  0.00780144  0.829773  0.542296  0.7575  0.558649  0.943221  
0.820999  0.00766722  0.820999  0.532572  0.750652  0.549618  0.940894  
0.812007  0.00739057  0.812007  0.52293  0.743799  0.540697  0.938559  
0.803211  0.00737774  0.803211  0.513379  0.736947  0.531956  0.936225  
0.794339  0.00716774  0.794339  0.503913  0.730091  0.523335  0.933886  
0.785111  0.0067509  0.785111  0.494526  0.723226  0.514772  0.931535  
0.775856  0.00660486  0.775856  0.485226  0.716359  0.506337  0.92918  
0.766415  0.00636455  0.766415  0.476011  0.709488  0.498002  0.92682  
0.757022  0.00627858  0.757022  0.466883  0.702617  0.489805  0.924459  
0.747508  0.00610128  0.747508  0.457842  0.695742  0.481716  0.922093  
0.73798  0.00600134  0.73798  0.448889  0.688867  0.473752  0.919727  
0.728461  0.0059358  0.728461  0.440024  0.681991  0.465919  0.917359  
0.719069  0.00592088  0.719069  0.431249  0.675115  0.458227  0.914992  
0.709947  0.00591981  0.709947  0.422564  0.66824  0.450676  0.912626  
0.700957  0.00587452  0.700957  0.413967  0.661366  0.443249  0.910261  
0.691728  0.00557043  0.691728  0.405455  0.654486  0.435876  0.907888  
0.682501  0.00544462  0.682501  0.39703  0.647604  0.428601  0.905513  
0.67302  0.00516865  0.67302  0.388689  0.640719  0.421382  0.903132  
0.663665  0.00512309  0.663665  0.380437  0.633833  0.414277  0.900751  
0.65389  0.0048003  0.65389  0.372269  0.626943  0.407211  0.898363  
0.64435  0.00479561  0.64435  0.364191  0.620053  0.400263  0.895976  
0.634531  0.00457489  0.634531  0.356199  0.613161  0.393376  0.893585  
0.624801  0.00453925  0.624801  0.348296  0.606268  0.386594  0.891193  
0.615262  0.00452801  0.615262  0.340482  0.599376  0.379921  0.888803  
0.605932  0.00451718  0.605932  0.332758  0.592484  0.373355  0.886413  
0.596475  0.00434493  0.596475  0.32512  0.58559  0.366851  0.88402  
0.587066  0.00426804  0.587066  0.317571  0.578696  0.360433  0.881626  
0.577617  0.00415007  0.577617  0.31011  0.5718  0.354088  0.87923  
0.568097  0.00403301  0.568097  0.302737  0.564903  0.347814  0.876833  
0.55864  0.00397836  0.55864  0.295452  0.558006  0.341624  0.874436  
0.549198  0.00392344  0.549198  0.288256  0.551109  0.335517  0.872038  
0.539981  0.00391746  0.539981  0.28115  0.544212  0.329501  0.86964  
0.530961  0.00390367  0.530961  0.274133  0.537315  0.323574  0.867243  
0.522012  0.00383454  0.522012  0.267204  0.530418  0.317719  0.864846  
0.51292  0.00368213  0.51292  0.260363  0.523519  0.311916  0.862446  
0.50401  0.00366534  0.50401  0.253611  0.516621  0.306195  0.860046  
0.495266  0.00363875  0.495266  0.246949  0.509722  0.300551  0.857647  
0.486519  0.00353584  0.486519  0.240374  0.502823  0.294966  0.855246  
0.477939  0.00350712  0.477939  0.233889  0.495924  0.289455  0.852845  
0.468997  0.00325354  0.468997  0.22749  0.489022  0.283964  0.850441  
0.460331  0.00325203  0.460331  0.22118  0.48212  0.278551  0.848037  
0.451789  0.00320879  0.451789  0.214959  0.475219  0.273204  0.845633  
0.443387  0.00316544  0.443387  0.208827  0.468317  0.267923  0.843229  
0.434897  0.00299238  0.434897  0.202783  0.461414  0.262675  0.840823  
0.426412  0.00287585  0.426412  0.196827  0.45451  0.257473  0.838415  
0.417809  0.00269157  0.417809  0.190958  0.447604  0.2523  0.836005  
0.408851  0.00241929  0.408851  0.185175  0.440696  0.247136  0.833592  
0.399892  0.00233873  0.399892  0.179481  0.433788  0.242023  0.831179  
0.391096  0.00231282  0.391096  0.173877  0.426879  0.236972  0.828765  
0.382382  0.00225666  0.382382  0.168361  0.419971  0.231976  0.826351  
0.373766  0.00220313  0.373766  0.162934  0.413062  0.227033  0.823937  
0.364992  0.00206204  0.364992  0.157595  0.406152  0.222123  0.821521  
0.356379  0.00204009  0.356379  0.152345  0.399242  0.217271  0.819106  
0.347992  0.00202952  0.347992  0.147184  0.392333  0.212479  0.81669  
0.339438  0.00187583  0.339438  0.142112  0.385422  0.207715  0.814274  
0.331067  0.00185358  0.331067  0.137128  0.378512  0.203006  0.811857  
0.322706  0.00176862  0.322706  0.132233  0.371601  0.198338  0.80944  
0.314431  0.0017123  0.314431  0.127427  0.36469  0.193715  0.807023  
0.306225  0.00164693  0.306225  0.12271  0.357779  0.189136  0.804605  
0.297944  0.00152812  0.297944  0.118081  0.350867  0.184588  0.802186  
0.289678  0.00144747  0.289678  0.113541  0.343955  0.180077  0.799767  
0.2813  0.00133173  0.2813  0.10909  0.337042  0.175597  0.797347  
0.273005  0.00128216  0.273005  0.104727  0.330129  0.171161  0.794927  
0.264688  0.00120419  0.264688  0.100453  0.323216  0.16676  0.792507  
0.256369  0.00113979  0.256369  0.0962684  0.316303  0.162399  0.790087  
0.248191  0.00111085  0.248191  0.0921725  0.30939  0.158082  0.787666  
0.240059  0.00105968  0.240059  0.0881656  0.302476  0.153805  0.785245  
0.231875  0.0010037  0.231875  0.0842475  0.295563  0.149567  0.782824  
0.223993  0.00100187  0.223993  0.0804186  0.288649  0.145376  0.780403  
0.216205  0.000965123  0.216205  0.0766786  0.281736  0.141227  0.777982  
0.208456  0.000926681  0.208456  0.0730277  0.274822  0.137116  0.775561  
0.20097  0.000922091  0.20097  0.0694658  0.267908  0.133051  0.77314  
0.193746  0.000915916  0.193746  0.065993  0.260995  0.12903  0.770719  
0.186317  0.000814006  0.186317  0.0626091  0.254081  0.125034  0.768298  
0.179193  0.000812137  0.179193  0.0593142  0.247167  0.121082  0.765876  
0.172167  0.000773527  0.172167  0.0561084  0.240253  0.117166  0.763455  
0.165163  0.00072954  0.165163  0.0529915  0.233339  0.113284  0.761033  
0.158416  0.000723957  0.158416  0.0499637  0.226425  0.109443  0.758612  
0.151944  0.000718437  0.151944  0.047025  0.219512  0.105643  0.75619  
0.145474  0.000650717  0.145474  0.0441752  0.212597  0.101871  0.753768  
0.139111  0.000611886  0.139111  0.0414145  0.205683  0.098131  0.751347  
0.132728  0.00055163  0.132728  0.0387427  0.198769  0.0944194  0.748925  
0.126368  0.000517761  0.126368  0.03616  0.191855  0.0907406  0.746503  
0.120303  0.000515028  0.120303  0.0336663  0.184941  0.0870999  0.744081  
0.114507  0.000509054  0.114507  0.0312617  0.178027  0.0834962  0.741659  
0.108952  0.000497964  0.108952  0.0289462  0.171112  0.0799278  0.739237  
0.103533  0.000467627  0.103533  0.0267197  0.164198  0.0763906  0.736815  
0.0983702  0.000457449  0.0983702  0.0245823  0.157284  0.0728878  0.734393  
0.0931226  0.00037923  0.0931226  0.0225338  0.15037  0.0694062  0.731971  
0.0881468  0.000372169  0.0881468  0.0205745  0.143455  0.0659586  0.729549  
0.0834068  0.00035757  0.0834068  0.0187042  0.136541  0.0625432  0.727127  
0.0787048  0.0003015  0.0787048  0.0169229  0.129627  0.0591518  0.724705  
0.0741567  0.000272922  0.0741567  0.0152306  0.122712  0.055789  0.722282  
0.0697581  0.000243936  0.0697581  0.0136275  0.115798  0.0524543  0.71986  
0.065436  0.000206853  0.065436  0.0121133  0.108884  0.0491458  0.717438  
0.0613459  0.000193738  0.0613459  0.0106882  0.101969  0.0458675  0.715016  
0.0574527  0.000175745  0.0574527  0.00935222  0.0950547  0.042618  0.712594  
0.0538048  0.000163123  0.0538048  0.00810527  0.0881402  0.0393978  0.710171  
0.0502963  0.000137073  0.0502963  0.00694738  0.0812258  0.0362042  0.707749  
0.0470351  0.000125503  0.0470351  0.00587856  0.0743114  0.0330392  0.705327  
0.0439617  0.000110823  0.0439617  0.0048988  0.0673969  0.029902  0.702904  
0.0412689  0.000109768  0.0412689  0.00400812  0.0604825  0.0267945  0.700482  
0.0385889  7.05986e-05  0.0385889  0.00320649  0.053568  0.0237095  0.69806  
0.0361884  6.63209e-05  0.0361884  0.00249394  0.0466536  0.020653  0.695638  
0.0342195  6.60348e-05  0.0342195  0.00187046  0.0397391  0.0176251  0.693215  
0.0325314  5.3848e-05  0.0325314  0.00133604  0.0328247  0.0146234  0.690793  
0.0311253  4.10841e-05  0.0311253  0.000890694  0.0259102  0.0116474  0.688371  
0.0300369  3.18269e-05  0.0300369  0.000534417  0.0189958  0.00869733  0.685948  
0.0293154  2.60946e-05  0.0293154  0.000267208  0.0120813  0.00577347  0.683526  
0.0289685  1.8117e-05  0.0289685  8.90696e-05  0.00516685  0.00287507  0.681104  
0.028882  0  0.028882  0  0  0  0.681172  
