4.72464  3.50867  1.79861  0.700931  7.85049  41.8392  31.8354  29.9879  1.97974  1.48103  10.2912  3.68451  23.1146  0.261236  29.6657  41.6106  7.00264  19.2948  16.1715  6.62124  7.45621  40.1479  20.7783  37.388  8.72229  18.5637  3.41223  7.55936  4.23627  35.3893  
830.3  7.72078  44.8131  13.5954  32.3663  307.408  768.986  114.666  153.755  76.0611  179.57  11.3406  94.5705  72.7325  301.88  50.1914  10.4394  226.655  22.3316  102.693  68.9194  5.57433  328.6  12.5232  32.4684  73.1384  105.557  84.8634  365.949  0.0721963  
2622  37.5997  319.02  35.8572  134.722  425.841  990.652  114.42  142.076  164.862  2.63447  22.9079  106.664  9.76628  635.759  174.032  26.1279  573.63  215.736  61.8976  1662.35  268.483  185.006  232.481  641.774  273.067  33.8357  145.314  523.615  18.1217  
1068.73  107.546  281.033  220.172  4.67144  201.889  393.668  161.2  3.95824  157.23  1311.45  73.1043  267.004  109.955  341.568  107.252  145.798  214.869  74.1242  452.655  498.526  356.124  96.4682  90.1105  457.509  62.9369  198.766  228.241  115.504  416.989  
18.2647  224.652  72.5128  103.038  234.946  1679.63  196.166  751.975  90.3057  70.4294  1473.11  14.6575  155.278  590.709  329.68  1596.37  96.8668  242.329  122.431  259.542  608.821  319.518  603.038  322.772  772.896  511.032  129.625  1085.79  204.118  60.6218  
28.221  3.94371  231.262  78.7869  36.6358  1081.63  40.0794  4093.3  378.355  76.399  473.135  33.2393  153.702  420.68  1156.46  106.107  54.912  337.079  19.8812  33.6054  399.796  1417.41  739.952  759.201  1919.42  255.327  774.617  92.9947  488.359  390.862  
493.473  185.742  75.984  134.517  54.4096  1581.2  50.1552  688.659  17.4841  96.338  2818.2  118.546  60.7984  563.064  459.156  473.06  154.344  963.473  55.3471  261.925  109.058  261.225  488.616  366.263  45.3585  120.133  1274  560.776  890.693  165.921  
299.177  14.9734  20.2565  22.6112  104.647  566.673  421.779  1991.57  72.1857  221.58  439.116  202.218  465.168  858.264  378.814  2452.07  210.987  598.091  585.63  318.158  1406.43  1222.35  86.4478  27.5577  42.3744  88.708  104.679  132.057  666.559  162.308  
1279.22  100.283  2.93701  419.816  419.438  199.99  848.676  139.444  124.774  3.54388  1481.81  238.971  217.637  11.456  285.771  822.23  91.4465  907.867  4.60562  200.404  518.384  441.94  54.1567  485.538  349.342  196.875  256.213  587.896  313.493  1333.79  
974.861  103.009  161.987  383.989  201.735  24.2107  355.634  132.398  84.5777  157.631  473.83  40.4366  1.97627  146.13  1.35725  1169.37  346.648  258.238  116.967  627.957  1125.99  1787.05  323.556  220.616  1016.75  295.381  251.835  182.151  211.586  64.4765  
479.15  2.75402  4.57355  67.0028  164.446  385.016  192.52  240.734  16.6205  4.73436  444.899  300.063  43.1749  720.157  334.825  34.7316  26.2872  542.748  21.8216  1.38358  238.141  19.5743  96.6212  22.3761  40.6516  58.2246  282.839  158.647  40.5299  152.773  
62.1301  61.1713  19.2224  12.2854  72.9921  456.734  505.522  575.315  127.579  73.2593  233.513  396.435  49.5055  55.6525  93.317  233.628  36.2529  188.338  0.0119752  512.017  103.648  86.3199  243.39  393.944  29.6069  11.8073  465.841  23.9655  245.105  255.635  
577.358  13.2429  54.0406  126.879  195.403  1052.98  321.337  137.322  43.3658  147.381  84.9898  199.104  149.412  283.07  342.145  681.537  28.3308  527.616  175.334  68.4622  675.37  796.825  464.227  152.436  664.596  9.35925  598.327  219.878  620.945  213.988  
725.549  64.8526  28.7457  112.104  237.584  722.239  233.604  743.521  44.9612  136.691  112.936  300.221  538.877  129.641  90.6855  268.254  40.23  409.346  121.891  81.3489  912.219  113.135  10.8996  129.876  189.563  27.1916  304.464  298.278  56.1948  425.388  
2192.88  3.08164  250.373  125.418  353.799  873.753  1171.53  68.7962  103.724  48.0038  637.308  84.336  29.9152  1012.09  181.21  1171.07  477.047  100.301  86.3595  54.2979  240.214  1528.76  667.648  493.944  73.9308  312.445  109.594  425.4  15.3734  11.682  
562.808  115.595  120.258  196.586  37.3953  871.883  1897.87  612.34  116.134  15.1256  64.5992  82.6908  4.43045  338.558  138.626  235.715  556.885  784.899  115.849  11.583  603.436  978.13  86.8931  528.111  1425.42  151.037  357.709  46.1005  239.374  210.334  
57.1347  8.83927  133.319  3.26587  111.882  259.277  810.304  474.035  468.68  19.1483  110.131  226.559  55.735  84.8662  28.768  281.351  28.4463  53.1854  66.2469  110.744  147.346  275.887  570.31  444.828  80.0155  610.379  180.708  55.7739  241.849  351.6  
107.676  42.9262  43.3823  41.2805  162.595  23.2523  536.69  540.114  131.794  4.25493  91.1439  51.6284  2.49657  21.3974  318.653  449.495  746.965  1307.12  0.406249  186.447  778.567  514.451  18.6547  214.498  990.677  400.665  243.886  169.508  692.971  61.4632  
44.5111  8.31092  167.558  15.3936  454.849  442.545  117.768  30.492  137.881  4.92665  125.838  12.2545  126.613  259.853  232.389  208.773  155.062  231.505  35.8223  41.4281  54.3354  172.621  178.388  380.06  16.2945  91.7079  73.5665  156.92  171.516  1.89482  
1039.79  42.0646  67.8107  175.224  115.182  39.6368  1771.19  402.7  18.271  177.44  315.21  19.9532  46.8595  5.10532  161.383  201.383  173.669  202.048  92.9405  119.277  92.3143  278.586  66.2569  387.462  488.026  199.017  995.628  104.359  83.4842  148.208  
530.905  5.55973  106.229  27.9328  398.977  1165.57  149.838  517.813  258.597  281.58  3.22741  288.373  112.901  157.137  239.529  79.2821  691.069  388.554  61.1076  218.321  201.571  223.792  320.448  500.249  920.94  19.6431  963.797  240.001  544.579  212.699  
249.015  12.3899  245.86  69.3277  279.504  323.985  37.6646  229.319  63.9031  100.419  20.2601  62.4784  73.5045  9.90104  116.218  95.7897  181.628  189.63  98.699  52.0966  73.0328  432.6  153.644  397.277  50.2643  315.324  15.314  130.36  492.643  311.485  
277.297  157.161  308.643  268.757  231.936  42.8681  152.658  132.053  75.8753  349.832  288.585  151.519  60.3211  251.992  104.76  13.1539  26.4116  441.618  61.9862  41.145  351.22  20.1069  335.313  11.0069  1183.42  79.4285  27.1502  12.9609  421.302  18.2236  
56.8001  78.0825  66.5108  150.126  13.1843  61.1057  104.92  513.283  227.872  40.4445  76.2922  372.57  70.5683  374.125  53.8713  292.027  312.548  141.47  104.413  22.7581  488.949  212.555  600.868  23.5256  236.182  22.6048  145.508  75.0836  100.447  624.685  
195.437  19.8084  242.328  132.556  124.178  846.217  535.603  313.439  26.0666  206.535  192.075  91.3915  6.0133  155.12  413.433  127.283  451.361  194.704  538.848  33.1542  80.3589  140.79  150.253  6.93276  8.658  887.658  59.7555  24.6285  81.403  14.3556  
5.8715  92.9544  25.8144  50.9862  297.292  174.514  27.7362  67.6272  153.345  34.2585  383.427  43.1003  43.7903  13.1501  108.48  201.748  475.96  14.1244  132.261  287.728  362.385  128.748  416.683  486.723  13.6166  322.459  358.332  214.97  732.415  349.219  
97.7982  4.78789  61.7197  31.1118  40.5549  150.656  212.539  18.4219  46.7522  191.675  224.439  0.000654798  48.8844  121.742  147.325  186.822  460.601  186.139  37.6426  249.018  82.7845  291.369  35.1135  77.605  3.72848  247.862  106.517  17.3018  41.9059  264.357  
161.923  3.02488  31.2618  115.279  74.552  190.162  124.068  145.477  65.616  24.158  341.359  73.2407  3.41424  397.465  73.9104  936.895  938.223  1057.63  13.0831  105.293  477.678  335.357  1291.39  45.2636  150.183  503.645  135.331  38.4371  464.273  212.117  
152.459  229.565  555.001  802.399  570.954  1.60555  457.479  253.232  34.07  62.3803  893.093  402.963  3.50711  58.3875  148.256  190.746  26.0483  192.235  107.324  236.132  331.881  11.8102  31.4988  125.612  305.596  74.529  1056.87  200.348  297.774  225.152  
203.718  20.4092  132.547  220.287  210.255  222.613  85.8457  232.27  306.248  17.7919  25.2522  1276.83  2.57735  22.8525  226.247  327.438  1263.72  357.62  440.997  3.46363  513.074  468.401  108.201  74.5483  42.3225  743.227  1068.43  347.037  1007.3  290.689  
31.4193  29.2848  259.967  60.9305  199.881  19.3765  74.2404  94.1686  45.0883  185.024  937.52  596.813  40.3602  627.807  187.988  156.772  374.083  46.3084  29.0874  60.9226  180.591  43.2246  129.734  310.564  15.2405  346.319  194.802  126.643  131.453  48.7125  
25.5214  14.3103  244.883  413.404  153.802  239.243  5.21919  472.467  46.55  13.5008  2.09179  276.849  1.99025  561.619  375.696  375.297  1148.88  335.151  135.991  105.435  17.721  136.213  482.743  4.17778  84.8084  228.776  412.136  31.819  461.716  666.749  
6.51506  174.887  7.47228  28.9518  734.866  55.0007  107.387  160.128  13.3326  88.4721  16.1815  586.298  26.5854  849.328  94.8889  117.752  227.301  118.266  47.4973  135.462  205.975  294.528  505.607  1269.48  348.004  283.585  331.8  53.2811  197.381  83.2637  
148.419  42.4761  232.063  140.808  906.268  164.081  210.278  43.3094  249.971  0.262275  146.193  465.729  2.77077  143.617  440.217  26.3102  132.035  949.919  675.916  83.747  77.2906  163.866  29.6346  21.3739  61.1812  178.405  150.694  401.266  190.073  67.9265  
430.594  39.2811  31.5818  163.768  53.7664  107.804  39.5973  10.7286  71.6848  224.301  101.061  230.587  87.2597  131.274  60.5849  147.795  56.4139  626.796  95.9949  616.665  359.041  49.211  414.791  11.0075  646.598  98.522  142.864  229.265  320.514  483.781  
36.6023  125.951  179.936  239.874  589.695  269.22  203.844  180.166  673.151  131.604  15.1713  247.495  133.656  144.2  179.272  53.083  682.964  270.133  393.9  123.398  237.743  245.367  143.107  479.951  13.5778  523.016  570.777  121.549  445.99  142.674  
85.5232  99.7917  129.626  193.182  424.833  247.201  55.7052  36.4896  109.766  87.351  46.0706  966.133  121.164  397.244  315.572  93.3845  206.007  1.99516  416.486  56.2394  49.1551  8.63884  87.5308  76.2702  41.2352  92.7955  217.389  130.462  786.607  12.0736  
39.5099  376.709  18.5802  132.5  1953.58  84.0333  26.2766  31.4851  913.164  340.304  12.5023  633.151  88.8981  127.797  86.9184  97.3023  903.218  406.832  1529.92  1017.22  97.7397  41.8249  692.86  1005.67  283.916  242.401  340.317  1411.92  85.0562  128.32  
9.52479  302.426  25.3775  116.953  227.656  9.15459  12.8393  73.8059  14.7687  375.028  53.2726  194.249  105.39  8.30855  91.0461  134.861  333.311  17.3307  398.192  6.84195  43.8449  17.4559  168.639  674.247  75.8114  303.738  197.098  444.382  7.75601  64.0477  
0.06346  50.5738  68.6718  55.2295  298.835  50.5512  413.177  34.5837  84.3293  182.613  369.823  247.651  541.496  450.993  16.7126  38.5927  510.075  57.4606  111.542  371.883  43.8684  90.4924  13.7443  42.4171  259.322  364.602  53.7435  417.079  28.883  102.471  
13.2014  26.4838  122.49  18.7677  25.3253  34.8481  20.505  13.7534  2.53791  15.4217  58.7409  39.9714  79.4368  142.019  160.961  65.9419  88.9899  21.8393  78.8901  51.7553  58.5312  199.582  47.6859  18.9468  120.052  55.606  11.8467  37.4382  326.162  13.5113  
4.7391  142.873  159.984  76.0565  139.192  12.383  333.33  59.6209  138.689  11.794  2.26104  61.0325  40.2181  1011.43  192.048  96.3368  27.4518  74.3921  24.527  400.578  473.303  116.678  678.974  109.581  56.9438  121.582  414.897  18.7905  57.0642  455.192  
2.27141  203.729  140.18  95.7578  136.855  26.234  12.2383  5.00159  53.282  30.2138  29.8513  19.649  18.9225  39.1003  259.616  61.2602  211.281  60.6252  186.317  152.078  62.1424  65.9213  177.845  173.178  151.927  121.121  196.859  296.296  339.463  145.778  
33.0006  34.7891  13.3095  157.554  2.5348  40.3577  82.9132  7.83802  28.1551  482.322  4.93969  122.62  131.187  829.105  127.748  6.00633  74.8193  20.0534  248.108  281.782  169.342  19.3179  868.876  54.036  152.79  171.95  41.8896  246.337  147.217  162.393  
13.6203  69.0697  5.53028  283.013  751.551  42.3021  132.827  6.80296  13.239  222.147  29.2825  516.041  100.032  134.121  251.214  44.2946  254.741  175.179  171.839  85.5239  152.87  265.484  330.328  104.08  45.353  211.674  352.858  192.148  33.3394  153.921  
19.697  196.765  192.875  23.3939  177.557  21.4905  15.1549  23.8006  114.059  211.455  46.8287  259.118  112.183  40.6002  113.454  332.521  43.1798  15.6114  21.2852  72.3713  55.5828  43.2481  35.8971  234.759  47.2738  253.809  146.368  345.957  257.392  224.92  
0.529656  172.658  29.5739  172.281  358.848  6.31612  69.3467  68.7942  18.414  257.15  27.4035  622.151  181.786  19.8624  103.186  7.91127  31.6155  136.433  132.504  46.1576  58.3295  4.81554  45.2069  208.192  68.5931  53.668  273.167  76.5381  120.66  446.011  
8.75439  240.454  138.577  10.8586  314.688  18.989  73.0032  1.71081  39.2435  207.708  50.874  419.487  58.9247  117.116  124.172  2.42042  191.157  193.326  297.399  14.5627  176.467  219.813  72.7522  308.76  330.105  33.9317  44.5081  203.571  32.5314  190.837  
24.2847  123.187  8.1847  248.241  13.3828  18.1152  19.7927  21.9013  8.8518  270.838  32.0504  231.133  12.6484  68.4409  121.275  15.7762  90.3355  7.06598  76.9836  5.15197  2.72368  93.3555  183.849  1.27623  100.29  97.2956  31.0872  8.19412  78.4994  28.007  
8.50429  557.784  104.584  249.552  107.708  66.8947  38.6753  21.0364  313.642  39.2808  19.4085  94.5323  23.6623  0.682523  313.824  90.9366  108.148  93.4771  131.608  105.295  7.9646  18.8379  1.53998  146.835  46.7695  603.186  52.08  188.333  88.4677  305.999  
4.10707  69.4526  9.97792  64.5605  227.538  3.40987  2.76634  15.6963  124.232  157.691  38.7918  18.5048  153.897  97.9916  75.8387  21.7352  191.998  95.6731  52.9621  109.189  33.913  46.02  175.62  356.18  84.5549  426.23  57.1419  149.494  191.348  178.132  
2.38303  202.296  186.836  10.4705  82.5624  48.1002  34.1799  33.2434  236.241  13.5128  55.345  87.4506  168.677  119.652  94.7314  6.13111  17.4683  6.17165  102.665  122.782  0.829552  84.9843  11.9133  107.4  1.68107  82.3062  69.8999  82.4426  42.1096  27.9875  
24.4129  59.3056  163.516  124.731  51.2822  11.9684  112.667  20.6401  65.8042  68.2389  6.43008  169.048  66.7216  136.511  69.8279  146.568  34.1072  5.56105  60.429  149.163  17.8965  3.53996  118.882  13.7391  91.1285  17.1555  18.039  12.679  216.181  254.458  
11.2935  65.8846  87.8413  19.1227  48.6929  12.82  170.356  4.9419  65.8951  130.267  5.50628  180.828  229.756  263.093  21.156  38.8663  63.9765  102.029  19.8018  253.109  58.676  8.74676  54.9372  12.0089  73.2579  99.8506  57.0537  94.5899  32.3677  118.386  
6.95782  123.102  118.009  178.76  41.9964  2.67412  12.8751  5.56964  14.7693  13.6447  4.92271  49.4118  70.9185  52.5092  203.789  33.0536  8.29495  0.262145  4.58491  267.328  23.1396  13.9175  18.6553  183.888  24.5808  40.4808  1.44886  9.5153  7.80118  96.8062  
5.66095  257.66  162.167  166.617  49.3351  6.8207  31.4385  66.3504  733.949  142.42  65.7471  192.063  78.9996  38.5506  114.364  163.08  645.797  31.3024  211.558  35.1786  46.4156  38.8158  122.516  77.3091  67.6458  102.497  63.3317  187.898  4.50707  183.714  
1.22241  36.5912  22.8596  121.661  15.346  17.7852  24.136  8.64831  28.2515  65.7752  0.347222  2.75115  75.6276  1.8959  208.888  18.0946  2.67897  1.06009  59.58  33.0992  3.85972  7.98737  8.79671  202.991  68.912  81.8079  7.71348  250.388  13.497  2.48775  
3.72817  252.105  239.397  15.3191  6.09993  24.359  31.7393  72.7311  111.595  517.673  2.18535  206.034  191.662  29.9494  101.872  20.1783  148.461  15.7441  67.7598  124.313  34.9895  1.77868  49.3936  47.8714  57.266  91.0107  51.1158  4.08879  157.094  52.3747  
14.9688  113.232  433.947  279.74  42.1939  6.63354  19.6705  13.3557  215.599  586.456  110.97  225.273  152.579  24.0299  191.54  51.2006  83.1538  1.92363  333.02  31.9726  6.21661  16.7066  54.8952  181.505  16.5891  251.315  15.6325  60.7317  22.0647  204.236  
0.0260483  338.834  334.654  467.773  166.889  19.1551  41.3043  22.722  813.25  187.125  20.51  430.533  508  13.6612  43.6114  30.6305  131.014  12.0634  342.33  125.362  5.09679  114.387  13.9069  161.52  123.4  102.822  86.0178  276.979  30.0898  721.088  
1.55198  242.305  298.182  121.568  0.257643  53.9636  24.5253  23.6373  394.823  48.5102  26.6158  14.7514  81.5367  48.165  60.9425  42.9201  5.97527  53.3931  145.936  16.8549  22.1172  0.376857  66.1251  54.5925  3.3404  103.888  10.7523  499.847  1.26326  168.023  
2.60478  39.206  18.0454  132.386  210.412  19.4802  3.92157  1.77543  44.2001  96.278  11.3499  43.0407  33.7001  101.956  183.546  35.8666  23.443  3.99255  28.266  168.963  9.21429  25.1775  1.97227  101.535  47.1296  102.165  53.2941  120.949  13.9894  20.6205  
2.85196  165.371  202.927  60.6588  113.876  0.444257  3.81682  15.1012  55.5979  6.43489  19.8187  87.7931  5.31969  122.049  230.145  4.27115  70.9178  17.2064  10.4809  182.234  10.302  2.04085  76.6834  9.93149  5.23955  125.752  35.7967  85.7318  125.493  125.633  
0.392036  57.1266  20.6386  319.767  9.54799  0.761757  3.69357  32.582  15.7485  114.408  28.3056  48.0968  273.274  94.9287  280.877  41.5579  4.33682  23.3393  38.5567  57.6615  13.8222  6.36321  168.45  41.5828  8.52197  21.4606  38.1316  124.008  14.7921  140.997  
4.09163  581.069  257.911  72.164  86.1096  38.5986  8.49083  26.8461  131.387  81.3346  58.1672  238.978  346.852  347.173  95.9652  22.3361  19.9182  43.6405  361.599  297.43  12.4063  116.089  201.147  203.181  24.3664  102.806  18.6609  108.078  21.7389  184.827  
1.01966  2.30681  24.6022  53.445  13.9031  9.96351  8.44747  3.99044  123.191  169.394  39.339  65.1925  67.5193  20.2459  125.082  23.4895  15.1445  50.4117  84.5864  58.0227  2.74857  6.54112  10.5604  115.859  78.0722  6.8434  6.0959  16.795  55.003  79.6885  
1.84776  1184.18  344.159  710.605  82.4381  25.9153  19.7484  10.3977  222.232  257.109  12.0479  238.085  645.696  56.7306  89.7042  25.831  19.1945  37.4693  82.6209  71.179  19.882  34.5  22.3391  304.101  24.1566  511.544  149.436  63.267  133.822  21.191  
2.1201  190.515  25.05  100.55  162.652  3.05246  6.63467  5.87029  517.517  98.0997  2.70561  10.4419  727.852  34.6087  161.229  56.4804  5.79657  39.214  421.57  368.123  0.941931  19.7895  29.2668  47.9347  36.6988  52.363  10.4097  195.779  23.1239  117.141  
5.98918  88.7709  419.236  106.6  58.1547  1.50193  1.69649  10.0104  86.9746  146.914  8.52811  81.1717  231.323  32.4614  186.276  14.3922  1.74825  19.6452  81.9233  211.488  23.0304  21.8407  23.7714  40.3894  24.8714  70.6217  24.3357  160.317  86.0041  43.8339  
0.197658  446.037  345.796  103.865  95.1888  5.02042  15.475  30.2035  178.768  178.066  93.0011  169.786  224.22  277.537  80.4045  67.4878  45.3514  50.9067  507.154  411.863  14.7792  119.358  116.058  37.53  4.36166  63.545  26.9933  277.096  15.2844  46.1463  
3.35049  537.304  308.79  425.822  68.0089  1.9863  19.3254  3.46356  350.788  361.627  0.217346  36.6698  412.154  49.708  389.852  18.3535  37.9242  4.51169  205.747  414.687  7.75746  18.4386  15.2343  58.6595  17.9293  139.028  7.30829  67.9499  34.5834  30.3135  
1.6548  8.24185  199.458  126.519  67.0209  8.71835  7.8349  2.78531  161.938  128.881  4.62144  89.1461  298.603  51.6494  20.8533  8.2656  18.254  3.06112  288.316  548.009  30.1444  1.45598  26.0964  217.789  6.74802  34.3085  18.4405  14.8396  34.2682  37.3808  
1.10259  200.245  441.684  33.1413  23.2117  23.9237  16.6776  1.25821  182.883  5.30846  8.83944  14.7391  340.891  31.417  165.838  5.42701  55.242  40.1417  22.2487  9.068  1.93027  40.1167  17.2277  115.544  43.0442  224.103  30.0381  13.9812  7.63865  48.6497  
1.01585  418.83  326.432  148.029  28.1059  29.9875  65.956  1.23413  537.602  12.6315  62.0891  25.6293  70.7971  56.3792  134.702  11.8066  90.0597  18.9299  39.9352  110.889  28.1698  46.0222  20.9578  197.581  33.4869  275.969  37.0917  119.908  26.8501  104.491  
0.309144  324.362  139.981  370.55  215.929  26.4984  22.82  12.4933  604.706  134.398  15.0933  54.0573  304.174  31.9898  157.933  8.57993  24.5837  40.4866  129.987  206.006  14.3599  0.293825  43.368  57.9254  23.5469  53.8002  68.8638  350.356  18.5988  160.833  
2.32439  58.8381  53.1121  4.63993  15.1114  3.80152  8.73274  23.5345  41.2615  13.434  6.78477  40.9907  31.4137  79.4482  265.216  45.9693  41.5807  42.2126  116.379  67.2737  9.54131  94.7054  8.4893  111.606  1.74428  16.1318  88.7334  202.248  29.1457  75.1312  
1.60277  508.553  181.848  290.532  106.975  1.15343  0.157845  4.51952  124.599  327.329  25.9796  447.273  666.855  125.602  310.724  14.556  20.7561  13.1727  491.262  163.963  31.7699  49.0213  47.1937  53.7731  27.33  40.6003  45.7562  117.121  6.89317  106.66  
0.599341  680.572  474.439  581.248  148.536  10.5753  23.6948  17.6133  560.89  588.654  3.19037  80.7036  619.243  117.077  52.8662  4.18138  42.3333  49.2157  252.533  285.392  29.3989  5.94341  20.0305  85.9209  8.0182  137.133  40.0645  60.2577  62.3302  149.025  
1.18934  86.3532  180.702  16.7851  132.715  4.28498  25.9582  9.20564  270.941  34.914  1.33398  88.3152  216.854  72.6611  101.793  4.37473  12.7597  69.9639  32.8086  52.7007  3.09987  10.818  59.6341  164.728  10.8447  19.1716  81.5695  150.955  4.51906  66.6573  
3.01128  364.041  683.121  593.875  85.6785  3.98025  12.8134  21.4075  589.601  687.088  52.2913  44.9291  608.005  102.864  17.636  65.9896  107.401  2.52949  292.402  85.1629  10.9285  17.8596  80.5045  68.3227  56.0018  280.47  9.94987  203.424  64.0608  385.198  
0.951858  53.3949  7.26184  116.722  109.413  0.630886  4.94682  5.0801  18.3204  203.892  14.6985  217.257  11.0482  98.7435  113.071  6.35543  56.7645  5.56318  43.5168  44.3228  57.6168  16.8755  12.3262  24.1464  2.72346  8.26504  8.13931  59.7885  29.5958  32.9267  
1.44449  41.2182  70.173  468.371  151.388  0.550829  4.0716  2.24406  110.191  1132.45  54.4777  28.1196  8.94163  59.9244  226.772  1.96241  62.7865  10.782  189.969  565.137  1.6665  6.61372  157.697  5.57222  59.7378  49.7729  9.56275  27.2366  46.1465  38.651  
2.26483  110.845  107.561  737.335  96.0957  0.627561  2.07903  1.21849  186.141  791.519  24.0948  31.0358  443.682  19.5391  48.3375  46.4595  25.8733  1.28316  487.3  300.963  30.777  30.2377  107.21  13.7533  20.413  451.164  12.1274  33.7107  13.0149  50.9884  
0.75525  85.9549  291.389  69.3797  171.158  11.8281  31.4177  22.2411  680.448  204.963  11.2816  35.4857  603.978  103.533  114.864  38.9125  14.9427  21.9759  270.392  74.6056  6.06068  13.3152  9.97663  54.0807  9.18984  67.9542  126.149  246.936  30.1419  78.5281  
1.21373  315.259  639.28  56.8719  58.2825  19.4024  40.3481  3.9618  325.08  362.847  0.390882  41.0173  705.597  40.699  45.7106  17.7862  44.5335  7.32123  550.491  12.1218  14.5189  10.7478  15.7306  24.0894  6.49605  200.647  47.814  258.112  16.9663  566.831  
2.61705  276.284  642.76  429.421  142.462  9.07749  20.2087  22.8436  522.896  592.919  20.833  211.804  619.274  25.9078  125.315  20.3326  38.3694  2.06009  508.18  157.437  9.9793  0.194822  92.7267  40.0621  8.63319  244.477  17.4512  313.934  7.45782  193.063  
3.18642  562.86  191.03  307.314  100.388  8.39042  34.5133  9.67427  18.6194  192.561  50.3956  26.1718  647.29  139.362  137.676  20.6472  76.8697  12.1848  97.4534  387.487  3.28742  29.1235  180.317  4.42044  19.0493  104.652  21.4041  1.44874  32.6562  156.129  
0.563423  436.061  163.663  171.345  7.5744  4.96234  26.8956  5.92182  2.94478  28.9074  19.7129  10.3068  104.146  3.20989  101.547  10.5716  90.6069  23.2959  142.657  428.037  34.1958  38.048  46.9861  110.991  29.3301  42.797  74.1866  71.1901  71.1321  76.0917  
0.135512  851.945  921.945  722.368  88.8803  27.2341  16.5404  9.39936  441.291  1087.49  93.8614  197.167  108.625  183.098  133.368  17.4407  40.8138  8.34892  231.109  494.54  22.2227  42.3908  185.999  49.8737  49.2443  20.7184  33.6613  200.862  43.3709  302.568  
2.70479  491.842  137.732  325.318  85.8881  6.91599  17.3972  29.73  36.4325  137.886  47.4144  134.378  78.6084  64.5224  49.8952  18.7463  13.4204  1.1989  296.364  267.663  18.512  16.074  92.4022  3.10562  19.91  113.292  20.1373  13.1517  120.678  48.2547  
0.207026  1487.2  1205.28  413.373  107.882  7.03685  0.71788  6.67867  69.3511  39.125  19.0109  62.1237  619.413  0.0470106  93.3996  92.2823  158.057  2.40734  28.6089  291.183  0.606199  12.448  0.689888  4.95528  3.43479  241.448  23.9285  228.083  103.303  87.5428  
