0.869316  1.77533  -1.24364  0.927867  0.925618  0.543416  0.787863  0.939437  -0.655207  1.4239  -0.373308  0.659169  1.99166  2.36362  -0.902073  -0.659854  0.439299  -1.64808  0.591752  4.23433  1.96949  0.404234  1.95242  -0.422352  -0.108776  0.823675  0.439635  1.96025  1.18308  -0.308176  
1.24705  0.524804  1.17459  -0.106144  0.495602  -0.390641  0.612884  1.66029  0.549853  1.29588  -0.29938  -1.44723  -0.553224  0.49816  -0.147998  0.0235519  0.502088  -2.20354  1.79672  1.9211  1.2355  -0.62722  0.411317  -0.302668  -0.218349  0.00914317  -0.176197  0.180245  1.80729  1.2164  
1.03621  -1.01892  -0.687072  -0.299071  -0.55093  -0.295926  0.593562  1.19771  0.766798  1.02916  1.56143  0.581333  1.71212  1.26084  -0.0579037  0.427998  0.124977  -0.90226  0.800781  -0.945656  0.181525  -0.0665963  0.842201  -0.372944  1.11985  -1.70032  0.262575  -0.331966  -0.230087  -0.308611  
0.309303  1.21669  1.11105  0.841785  -0.741396  0.204058  0.026684  1.4674  2.14227  -1.06906  1.90801  0.0792636  0.247482  0.00847107  -0.179211  1.28125  -0.362919  -0.164711  -0.618018  0.00858316  1.00261  0.17574  -0.18223  -0.426528  1.31419  0.405612  -1.0069  0.742544  -0.571731  -0.464942  
-0.361967  -0.64005  -0.535238  -2.20844  0.898533  1.57101  0.213488  0.461707  0.670754  0.293661  1.53399  -0.630088  0.729789  -0.441385  0.300485  1.29255  -0.401658  1.58314  -0.141169  -0.339024  1.6754  1.05107  -0.883614  0.582547  0.723926  0.466566  -0.707002  -0.347409  -1.29347  -1.52792  
-0.637461  1.02183  -1.12584  0.230171  -1.00603  1.93131  0.164816  -0.438561  -1.36856  -1.37963  0.131378  0.385869  0.569861  -1.05211  0.269903  1.04197  0.70775  2.30082  -0.788229  0.616672  1.04328  1.62476  -1.49561  0.200228  -0.511303  -0.434017  0.871639  -0.785581  -1.05802  -0.440882  
-0.273374  -0.0703605  1.17083  -0.0997317  -0.0541691  1.24021  -0.203914  -0.565277  0.163383  0.152433  -0.0118897  -1.17009  -1.10515  -1.27903  0.822439  0.658227  1.17105  1.32991  1.13367  -0.664948  -0.00350362  -0.338457  -1.7842  1.49609  -0.514628  1.15095  0.830263  -1.03695  -0.465235  1.05622  
0.471584  -1.16538  -0.690585  -0.245338  0.194322  0.676772  0.319984  -0.833244  0.105954  0.0981689  1.45236  0.461081  1.13533  -0.756023  0.327928  -0.369085  2.5063  1.08948  0.804039  -1.77021  -1.58549  -1.59006  -1.29928  0.393245  0.279846  0.366368  0.87065  -0.746162  -1.06521  0.0732798  
-0.0931881  0.745885  0.497184  0.450512  0.613558  -0.869156  -1.09878  -1.24459  1.2907  -1.40518  0.528847  0.996286  -0.753295  -1.42282  0.648129  -0.438634  -1.04585  -0.987343  -0.644188  -1.0018  -0.978687  -1.4123  -1.02025  0.465854  -1.53853  2.30707  -0.00802237  -1.25876  -1.15958  -0.457566  
-0.948157  -0.801763  -0.282647  -1.98861  0.619508  -0.0335676  -0.556023  -0.155943  -1.02753  0.459701  -0.0514696  0.774476  1.14733  0.360026  0.167549  -0.326281  -2.30422  0.0380871  -0.871656  -2.34453  -0.716991  0.691045  0.93458  -0.233697  -0.491674  0.245557  0.270348  -0.540796  1.22866  -0.880415  
-0.797845  1.02275  1.61802  0.538204  0.229683  0.336403  0.75584  -0.166592  0.0770638  -0.138722  -1.03421  -0.598454  -0.758462  0.15245  0.159048  -1.00118  -0.669064  -0.525891  -0.355758  1.31157  -0.66193  0.401834  -0.835309  0.163739  0.187185  -0.932414  -0.0954328  -0.982075  2.67075  0.343097  
-0.393998  -0.840375  -0.817987  -1.44072  0.257154  0.50676  1.10175  -1.01754  -0.528046  -0.0826343  -0.961822  1.15148  -0.259309  -0.149026  0.0917708  -0.943946  1.14634  -1.30308  0.508983  -0.773069  -1.62519  -0.172161  -0.685047  0.0643033  0.814742  -0.42296  0.38793  -0.406142  0.989033  -0.615767  
-0.685926  0.374867  1.63573  0.518209  -1.43169  -0.268962  -0.575852  -0.640431  0.130616  -1.08513  -1.19282  1.11395  -0.628378  -1.46153  -0.105745  -0.618931  -0.547825  -0.397171  -0.00338873  -1.2301  -1.31493  -0.111656  1.15135  -1.56642  0.566905  -0.0862158  1.36522  -0.265542  0.839507  -0.402111  
-0.432528  -1.47038  -0.661909  0.827768  -0.763146  -0.111812  -0.222502  -0.127151  0.399663  1.01492  -0.592777  -0.583249  0.895868  0.30768  0.18905  -1.96658  -0.377152  0.602015  -1.39084  -1.04939  -0.212805  1.33348  1.34214  -0.932613  0.320734  -0.45689  0.152132  0.242201  -0.416626  -0.201925  
-0.279984  1.03089  1.02372  0.765779  0.451564  -0.099529  -0.142982  0.586892  0.699931  -1.28308  -0.270495  -1.23043  -1.44222  -0.0324677  0.191351  -2.167  -0.932528  0.676228  -1.11234  0.317497  -0.636683  0.69377  -1.27383  0.947926  0.557004  -0.361098  -1.08927  -1.09508  -0.408577  -0.111344  
-0.54931  -0.618056  -1.17097  -1.75851  0.701714  -0.214816  -0.588832  0.16394  -2.00461  -0.895579  0.114081  0.507871  0.366662  -0.691677  -0.453636  -0.625448  0.465872  0.491931  0.519196  -1.13745  -0.669917  0.554792  -1.25366  0.478979  -0.0769556  -0.408489  -0.173032  0.217315  -1.06544  -0.527571  
0.0231272  -0.0717065  1.18692  0.500225  -0.774852  -1.43559  -1.53884  -0.967993  -0.28974  -0.319869  -0.688342  -0.266382  -1.26668  -0.952483  -0.415806  -0.555609  -0.232804  0.598741  1.45106  -1.07923  -0.70606  0.00584559  -0.443577  -0.311194  -1.16452  0.417818  1.13187  0.755751  0.05963  0.360627  
1.61489  -1.84455  -0.631999  0.500976  -0.635798  -1.44556  -0.166699  -1.75015  0.28957  1.44493  -0.868297  -0.911965  0.786724  0.464801  0.210392  -0.335839  1.13676  1.49443  -0.999091  -1.39726  0.372356  -0.431942  1.31029  -1.17686  -0.409972  -0.281231  0.594666  2.1834  0.342242  1.09  
2.1526  0.363271  0.876158  0.856932  1.30711  -1.9269  -0.130127  -1.59725  1.4807  -0.275722  -1.85484  0.491388  -1.70687  0.471442  0.361746  0.649262  -1.88259  -0.573412  -1.12474  0.987349  -1.52882  -0.949725  -1.19962  1.79076  -1.62078  0.153173  -1.70014  -0.353895  -0.0579699  4.31761  
1.65438  -0.572453  -1.27673  0.941998  0.699008  -0.716615  0.868049  -0.938748  -2.35508  0.235425  -0.564799  0.544825  0.161679  -0.563399  -0.408997  1.26514  -1.79873  -1.29889  -0.376074  0.302893  -0.937106  -0.575132  -0.854039  -0.593701  -1.77648  -0.609205  -1.57291  1.2413  -0.386407  -0.906399  
0.177856  0.658179  1.31636  0.366034  -0.326042  -0.304716  0.643396  -0.103857  0.295473  0.784089  -0.0956222  -0.645236  -1.7649  -1.09342  0.376738  1.11239  -0.220251  -0.883431  0.26958  -0.266456  -0.535125  -0.146315  0.154035  0.365189  -0.392697  -0.796407  -0.529408  -2.26736  0.121735  0.335649  
-1.05083  -1.6803  -0.969465  0.284018  -1.60989  0.351015  0.48137  -0.279699  -0.917979  -1.2368  0.244433  -0.0476813  0.118502  0.987426  0.301033  1.00062  0.973778  -0.888447  -1.536  1.24588  -0.705998  0.0958977  1.30106  -1.32827  0.222732  -0.675823  -0.808627  0.09945  -0.613744  -2.10431  
-1.44215  0.988451  1.18797  0.387518  -0.608868  1.03009  -0.155083  0.48266  0.912321  -0.774798  0.698377  -0.438424  -0.357942  0.581091  -0.00928745  0.735889  0.304416  -0.204617  0.928794  -0.851756  0.10516  0.928018  0.950966  -0.250444  0.837452  -0.0253206  -1.10606  1.95876  0.15658  1.16563  
-1.37799  -0.974039  -0.67318  -1.65503  1.71806  0.885461  -0.414628  -0.274918  -0.378602  -0.0717067  -0.291372  0.715513  0.651652  0.615469  0.131638  0.55922  0.402683  0.914871  0.163576  0.23942  0.0962304  1.20571  0.451627  0.686942  0.471523  0.54431  -1.52296  0.997474  0.573356  0.279102  
-1.09431  1.03692  -1.10413  0.323728  0.265328  0.574548  -0.956116  -0.0375633  -0.985924  -1.04989  -1.16151  0.411639  -0.581869  -0.474292  -0.208537  1.29288  0.148415  0.0300824  1.10123  0.477005  0.628736  0.57075  0.724106  -1.04655  -0.82174  -0.973013  1.07669  1.07699  1.76964  0.519301  
-0.371216  0.159373  1.00124  -0.218097  0.106526  0.101051  -0.911153  0.955218  0.470917  2.26715  0.366521  -1.29144  -0.290755  0.637959  0.0450409  0.224549  1.01069  -0.625061  1.22028  -0.187801  1.01702  0.743906  0.83191  0.10695  0.239836  -0.161551  1.13137  -0.868185  0.097345  1.0201  
0.511964  -1.06584  -0.667535  0.0603861  -1.42133  -0.402974  0.371053  1.82932  -1.2753  -1.20317  0.115916  0.132562  1.04198  0.944129  0.160661  -0.0715786  1.41509  -0.751451  -0.793937  1.50097  1.13794  -0.860315  -0.608849  -1.14452  0.872759  0.152053  -0.275836  0.481197  -1.90737  0.85545  
0.904049  0.0263845  -0.384524  -0.284059  0.318357  -1.75289  1.02538  1.51952  1.67873  1.4184  -0.625383  1.0338  -0.440364  -0.15834  -0.248394  -0.69705  -0.28864  -0.705274  0.571684  -0.142613  -0.131802  -1.66664  -1.13419  -0.333404  0.17312  1.55419  -1.35487  0.922995  -1.72308  -0.103345  
0.99729  0.369765  -1.29892  0.933223  -0.507655  -1.30596  2.026  0.831163  -1.9574  0.474736  0.126729  -0.569022  0.858445  0.417656  -0.544179  0.483096  -1.82505  0.237689  -0.42665  0.537701  -0.452718  -0.613944  0.41021  -0.397729  0.87006  0.399186  -1.00517  1.4823  -1.18878  -0.547454  
0.261648  0.977209  1.04697  0.108916  1.03181  -0.171896  1.5375  0.560002  0.38311  0.610536  -0.109665  -1.75116  -1.02231  0.066019  0.526719  0.435351  -0.377801  -0.220542  1.16723  0.656959  0.191753  -0.756222  0.978476  1.84575  1.07611  -0.152937  -0.762111  -1.20112  -0.982818  0.3547  
-0.522401  -1.98132  -0.863553  0.770067  0.211692  0.162979  0.523103  -0.450987  0.0205894  -2.5569  -0.742443  1.14829  1.21567  0.603497  -2.82094  -0.546749  0.690628  -0.082451  0.485507  -0.701129  1.60141  -0.673518  2.16358  2.4566  -1.58351  -0.845988  1.13488  -3.35905  0.580259  -2.21316  
-1.35388  -0.044526  -0.90477  1.15485  0.45608  -0.0309484  -1.3458  0.126158  -0.837227  0.424117  0.418991  1.62482  -1.47099  0.878695  -0.553399  0.380507  0.117395  -0.146868  -1.55748  0.691408  0.611935  -1.01427  2.32542  -1.33953  -1.52959  0.360862  1.32584  0.632094  1.26544  1.81082  
-1.25864  1.53656  -1.21325  1.09583  0.996511  0.193028  -1.26351  0.411527  0.502435  -0.521642  0.289655  0.154322  -0.120575  0.0880497  -0.239856  -0.693443  0.678177  -0.106193  -1.85697  0.845432  -1.10453  -0.96066  -0.0171559  -1.46953  0.479985  -0.033272  2.51546  -0.549229  -0.110323  1.21352  
-0.596904  0.440335  0.0679  -0.301401  1.87595  0.209853  -1.8022  0.345635  0.342847  0.0266  -0.236587  -1.23731  -1.7855  0.0763398  0.0320511  -1.78963  -0.910691  -0.408087  -0.515435  -0.0918783  -1.50148  -1.72704  -1.224  0.100826  0.553478  0.513634  0.930403  -2.14556  -1.82941  -2.03756  
-0.355519  -1.666  -0.880968  1.02425  -0.165876  0.876791  -0.769996  0.179758  -2.33021  -0.614686  0.0707639  0.595217  -0.824721  0.184873  -0.0938418  -0.674561  -1.52514  0.209385  -0.531513  0.321164  -0.491012  -0.926074  -1.16531  -1.56329  -0.228629  -1.82674  -0.701845  0.456761  -1.14716  -2.3887  
-0.72179  0.536001  1.69399  1.07148  -1.13476  0.0708851  -0.773061  0.481621  0.246659  0.472629  -0.057933  0.417423  -2.01988  -0.96723  -9.97716e-05  -0.0213271  -0.693667  0.304299  0.69547  0.0702974  -0.124246  -0.722536  -0.40281  -0.105541  0.112148  -0.660688  -0.37547  -0.691014  0.432419  -0.240359  
-1.22985  -2.00894  -0.891239  0.805752  -1.49265  0.0922526  -0.347662  -0.256762  -0.405619  -0.0470035  -0.0284094  -0.601874  0.00249897  -0.330817  -0.0399732  0.224722  0.565854  1.16924  -1.17328  -0.106049  -0.211441  1.12281  0.824389  -1.06199  -0.0417714  -1.65169  -0.248337  0.533001  0.416056  -2.239  
-1.15535  1.4753  -1.19495  0.830055  -2.23553  0.403421  -0.285832  0.232857  -0.0156313  -0.958038  0.324587  -0.145567  -0.940601  -0.341798  -0.195773  -0.230432  0.247957  2.72361  -0.477979  0.180001  0.671129  1.82855  0.539131  -0.489811  0.571096  -0.875937  0.543628  0.0627451  0.519129  -0.184325  
-0.839696  0.013792  -0.352912  -1.459  -0.268286  0.292334  -0.274363  -0.0010568  0.945075  1.30101  0.402846  -0.567908  -0.284929  0.183888  -0.0346215  -0.594125  1.13152  1.74954  0.742922  -0.767907  1.4677  1.05572  0.323427  1.23268  0.266869  0.876395  -0.64422  -0.190888  -1.10227  -0.027953  
-0.574489  0.57198  -1.14693  0.349224  -1.79002  -0.222151  -0.784914  -0.401743  -2.16346  -1.1814  0.108835  -0.139289  0.91384  1.20725  -0.0954137  0.0977171  1.51845  0.389683  -1.04559  0.705482  1.12118  0.524205  -1.15809  1.64448  0.192328  1.46973  -0.259629  0.301477  -0.65772  1.5798  
-0.180594  -0.28114  0.0378517  -1.37416  1.04585  -1.64355  -0.816314  -1.91712  0.461556  0.951182  -0.0325641  0.159339  0.579918  -0.242082  0.188621  -1.27648  0.273445  -0.364492  -0.0998117  -0.767169  0.86178  0.636001  -0.709434  0.486359  0.203563  1.82386  -0.625055  0.651121  -0.398958  0.680482  
0.670521  1.0146  1.95059  -0.0381039  0.0672424  -2.42131  0.13336  -1.8698  -1.0929  -0.051738  -0.472455  -1.33756  0.328581  -2.23245  0.396652  -1.32018  -1.92838  0.144559  -0.616313  1.07551  1.75753  0.111546  -1.04461  0.394013  0.908474  -0.544195  0.188649  -0.103586  1.67817  0.383591  
1.77751  -0.580776  -0.321197  -2.72137  -0.124495  -2.0467  0.244821  -2.27971  -0.0397283  1.25231  1.12132  0.899885  0.069311  -0.272025  0.16528  -0.627606  -0.768782  0.500574  0.194126  -0.249406  2.59374  0.0747282  0.349284  -0.485488  1.4367  -2.13838  0.0463117  0.228293  0.905293  -0.62873  
1.95861  1.03993  1.33023  0.0581752  -1.17442  -1.21926  -1.81656  -0.922418  0.752983  -0.734794  0.944394  1.61246  0.503984  -1.26042  0.462809  1.31465  -0.839716  -1.01935  0.218062  0.682929  1.9719  -0.905802  -1.40512  0.249921  0.120103  -1.08569  0.900223  1.32114  1.23041  0.578636  
1.42073  -0.232534  0.367381  -1.28122  -0.831054  0.115187  -1.27061  0.474288  0.664942  2.04415  2.27708  -0.778845  0.232426  0.643257  0.532904  1.63095  0.637018  -1.17919  1.46378  -0.879233  0.401279  1.04248  1.48946  0.548533  0.478093  -0.191385  0.242799  -0.632386  0.847742  1.11092  
-0.0295017  1.4082  0.0301442  0.413727  -0.420154  0.608787  -1.13212  1.52213  1.27883  -1.84448  0.0570508  0.62381  0.966305  -0.0206894  0.302226  2.19257  1.12819  -1.71693  -0.7433  0.899359  0.118023  0.648861  0.583407  0.323865  -0.654725  0.0635196  -1.17604  0.259113  0.181205  0.387006  
-1.36042  0.37336  -0.238144  -1.4844  0.812707  0.880845  -0.363799  0.620265  1.15587  0.849719  -0.734769  0.101537  -0.323395  0.748569  -0.206223  0.991713  0.986231  -0.0577113  0.207168  -0.670753  0.459255  1.64883  1.41043  0.00959437  -0.649435  1.49314  -1.42845  -0.996648  -1.03981  -1.0943  
-1.9537  0.975546  1.88317  0.974784  0.646485  0.270267  -0.618421  -1.26403  0.956912  -0.742736  -2.30633  -0.481158  1.04019  -0.0732183  -0.609238  0.433537  1.05821  0.431679  -1.96609  2.12782  -0.272063  0.239965  -0.76146  -0.438964  -0.311597  0.861013  -1.60176  -0.506245  -0.133867  -0.41965  
-1.34842  -0.106113  0.23102  -1.48481  0.771444  0.427458  -0.090693  -1.53156  0.0438691  1.16988  -1.8006  -0.498154  -0.807183  -0.315079  -0.1713  0.537174  -0.567718  0.890692  0.874321  -1.20475  -1.05848  -1.40053  -0.474433  0.626012  -0.839038  1.37895  -0.147305  -0.453287  -0.0434407  -1.30824  
-1.05233  0.847971  -0.983328  0.612521  0.523388  0.30015  0.696099  -1.89597  -1.18927  0.415164  -0.621913  0.78785  1.4648  0.915624  0.0772494  -0.216484  -0.0144482  1.16259  0.319577  -0.246933  -0.927362  -1.11073  -0.341812  0.709154  -1.30169  -1.19316  0.948411  0.351379  -0.0857638  -1.28189  
-1.20541  -0.181062  0.821906  0.143315  -0.318602  -0.146928  -0.200559  -1.45456  0.304683  0.425423  0.0144735  0.288779  -1.72622  -0.13553  0.0655879  -0.84487  -0.292643  -0.794322  1.90937  -0.0668428  -0.367545  -1.62074  -1.08917  0.280706  -1.92976  -0.280517  -0.0056749  -0.48515  -0.170688  -0.685506  
-0.358635  -1.69207  -0.617304  0.661864  -0.762873  -0.157304  -0.0146218  -1.29579  -0.979736  0.406267  1.14194  -0.140043  0.462905  0.573846  -0.119913  -1.05708  0.644988  -0.153283  -0.267245  -0.792915  0.410792  -1.17173  0.24401  -1.03599  -0.63885  -1.42162  -0.0699248  0.773425  -0.216392  -1.06386  
0.218102  1.08525  1.44415  0.86601  -0.301665  -1.19407  -1.36162  -1.15006  0.995248  -0.754288  0.998203  0.403289  -0.497884  -0.189644  -0.0500412  -1.6368  -0.948022  0.366231  0.473686  0.463181  -1.13278  -1.71245  0.200153  0.13096  -0.595338  0.0412735  -1.15904  0.962077  0.14284  0.725332  
0.931026  -0.577786  -0.0600314  -1.77558  0.530639  -1.03727  -1.3501  -0.85709  0.195633  1.79809  0.231781  0.7064  1.48812  -1.08137  -0.471354  -1.25391  -2.00576  1.3142  -0.484127  -0.732233  -2.01549  -0.764153  1.28511  0.0235542  -0.704353  -0.774001  -0.426323  1.34012  0.418975  -0.57055  
1.16945  0.972177  1.95359  0.333732  -1.20191  0.222312  0.101114  -0.174915  -0.876221  0.399629  -0.478422  0.159433  0.887111  -0.653976  -0.293482  -0.170935  -1.30401  2.21139  -0.205668  1.75665  -1.40118  0.194243  1.44529  -0.907887  -1.19875  -1.74357  0.107821  1.23228  -0.162218  -0.560443  
1.14089  -0.573563  0.00687064  -1.79638  -1.17179  0.911947  0.422355  0.377906  0.826458  1.37677  -0.862241  0.661304  -0.635417  -1.07104  0.192327  0.0962499  0.273763  1.11411  0.554894  -0.244872  -0.985462  -0.369207  1.64815  0.28434  -0.69887  -0.550428  -0.857583  0.40167  -0.402089  0.237406  
0.635236  -1.37519  -1.02179  0.817821  -1.16525  1.77676  1.0108  1.09089  -0.8647  -0.804169  0.344684  -0.126333  0.69428  0.863725  0.118844  0.543405  0.890134  1.12463  -0.751742  0.793932  -1.13015  0.453542  1.58652  0.727354  0.650181  -0.776224  -0.692108  0.8331  -1.18522  0.178088  
-0.536651  0.628867  -0.220841  0.839255  0.800579  1.05287  0.0417506  1.06285  1.80252  0.0234342  -0.136635  0.648217  -1.34112  0.15343  0.249814  -0.101716  0.403057  -0.525808  0.618834  -0.0948599  -0.25564  0.947977  0.4534  2.22903  1.13341  1.15786  -1.8157  -0.842269  -2.34152  0.526029  
-1.60624  -1.02088  -0.931388  1.10154  0.691184  0.90488  -0.0438144  0.363128  -1.15168  -0.147387  -0.406011  0.659733  0.539693  0.00641132  -0.900637  0.622132  -0.338389  -0.520382  -0.352361  0.532111  0.0746476  2.34111  0.0337372  0.0534219  0.731472  0.148979  -1.26305  0.638131  -2.4806  -0.80059  
-1.06564  -0.406896  1.1988  1.1096  -0.00206033  0.881573  0.127409  0.380684  0.667616  -2.79924  -0.474794  0.297382  -0.782022  -0.465271  -10.8316  0.393954  0.74361  -0.872177  -0.130903  -0.0729004  0.601709  1.55242  -0.627052  -1.19948  0.989966  1.6181  1.68869  -2.76319  1.0142  0.541176  
-0.961551  0.236187  1.45821  -1.49557  1.29569  1.06534  0.255995  0.469575  -1.00882  -0.547011  -0.659131  -2.0345  -1.20203  1.1197  0.0326621  1.54637  0.6902  -0.775228  -0.603996  -1.17748  1.19683  -0.891063  1.68112  -0.0378746  0.837679  0.643176  3.04861  3.30284  0.176037  -0.636828  
-0.583325  0.196945  1.42671  -0.258263  1.3474  -0.0695333  -0.37552  0.733489  -0.035511  -0.72586  0.138141  -0.959108  -0.496673  1.88097  0.296015  0.303511  -0.48848  0.267577  1.26694  -0.175067  2.12888  -0.349953  2.13531  -0.258465  0.283577  -0.180654  3.79342  0.511444  -0.608846  0.218009  
-0.118019  -0.458033  0.339971  -0.73853  0.273625  -1.07347  -0.349503  1.03621  1.74353  1.83163  1.11061  0.14562  -0.0994837  2.70316  -0.0918154  0.181628  0.0032091  0.193982  1.00565  -0.199035  1.05525  -0.0490928  0.183837  -0.273202  0.0647614  -0.262141  2.36019  -1.85988  -0.933065  0.505685  
0.1774  -1.38819  -0.867945  0.338934  -1.99193  -0.29189  -0.134542  1.78703  -0.279056  -0.578567  0.782499  0.481272  0.525943  1.72598  0.612814  0.601804  0.139219  -0.811548  -2.37984  1.75813  -0.745827  -0.421171  -1.87953  -1.25776  -0.114507  0.619692  -0.554723  -0.384555  -0.245026  2.46366  
0.502182  1.0953  -0.651502  0.603415  0.0541643  0.88642  0.234573  1.87135  1.01536  -0.46695  1.02347  -1.21163  0.129209  -0.562932  -0.0712801  0.32118  -0.190754  -1.08157  -0.465645  -0.14817  -1.55696  -0.129002  -1.31675  -1.70718  0.975094  -0.550062  -0.967928  1.45069  1.24697  1.36086  
0.910651  0.631514  0.928079  -0.58963  0.658788  1.40438  0.24398  1.8055  0.361652  -0.341486  0.922322  -2.77016  0.270941  -0.068254  0.903581  0.927947  -1.05328  0.037424  0.437618  -1.13864  -0.650914  0.117467  0.266379  -0.524657  1.35457  0.581947  -0.00708314  1.19108  1.38988  -0.512782  
0.936482  -0.221511  0.237102  -1.70484  0.78954  1.36582  0.324793  1.38549  0.874451  1.46566  0.662221  -1.017  0.0546983  1.07363  1.06882  1.65616  -0.691407  0.846869  1.10125  -0.41585  0.72447  -0.221508  -0.128176  0.862745  1.68043  1.02699  0.297543  -0.875347  0.602452  -1.1834  
0.822017  -1.34764  -0.667916  0.188222  0.989111  0.0943003  1.35584  0.359162  -0.166954  0.108461  0.867553  1.50548  1.71657  1.94578  0.774871  1.54653  1.46718  1.26099  1.66897  -0.379198  0.397291  -0.296897  -1.0611  0.21046  1.58024  -0.672311  0.424063  -0.460008  -0.326203  -0.454928  
0.712171  1.28251  -1.24085  0.67885  -0.851796  -1.40555  1.45831  0.444623  0.364586  -1.40088  0.129953  2.32183  1.10665  -0.649611  1.12233  0.381014  1.1428  -0.150406  0.501808  0.685569  -0.27988  -1.22589  -0.243723  0.35106  0.795305  1.45787  0.823837  0.0496959  0.848275  1.3361  
1.03798  0.217115  -0.58149  -0.366582  1.11045  -0.744031  0.724783  0.663299  1.53808  1.51685  -0.16236  0.777145  -0.360179  -1.67812  0.509171  -1.61103  -0.242525  -0.790246  0.452287  -0.0310155  -0.0539582  -0.794797  0.789855  -0.124238  -0.554502  2.31798  -1.25263  0.192386  1.00075  0.741837  
1.35682  -1.02132  -0.715234  0.895312  1.191  1.25266  0.311472  0.911359  -0.701768  0.945337  -0.165605  0.439268  1.29366  -0.166338  0.811336  -1.28216  -2.09459  0.407533  -0.5028  -0.940755  -0.774336  0.842819  -0.0527711  -0.933626  -0.604156  0.262293  -0.205749  -0.0550817  1.80894  -0.43398  
1.24586  1.19276  -0.322207  0.871864  -0.0580065  1.78333  0.949997  1.40104  -0.803129  -0.273066  -0.613743  -0.346068  0.741776  -0.184475  0.807491  -0.743996  -0.848146  -0.0263053  -0.44466  0.934587  -0.741872  0.418415  -1.5194  -0.161979  -0.0697234  -0.0234336  -0.00750441  0.108881  1.57364  0.777735  
0.838507  -0.136235  0.71555  -0.287834  1.20117  1.12237  1.21385  0.62427  0.253346  0.77363  -0.830134  -1.32898  -0.930802  -1.14363  1.5384  -0.66803  -0.0348277  -0.973009  1.71729  0.43336  -0.632308  -0.632733  -0.879416  1.29765  0.852633  0.658609  -0.0119698  -1.89674  1.0355  -0.0923667  
0.366376  -1.85099  -0.737667  0.697254  0.412445  0.794612  1.29859  -0.897662  -0.182455  -0.42409  -0.809486  1.17072  0.839374  -0.817173  1.61732  -1.44434  0.636535  -0.139033  0.537598  -0.841633  0.348087  0.190827  0.139049  -0.36208  1.10751  -0.765095  0.995098  -1.10495  0.195965  -0.969538  
0.271455  -0.754047  -1.25641  1.01623  -1.7505  0.249143  0.854132  -1.06084  -1.31757  -1.06301  -0.319593  0.818591  -0.861692  0.447939  0.703904  -1.33988  1.29735  0.00736393  -1.4614  1.06534  0.278912  -0.0925672  -0.0138867  -1.30595  1.84772  1.0092  0.122254  -0.368885  0.983993  0.419117  
0.779982  0.88779  0.906229  0.881361  0.33025  -0.743154  0.0306596  -0.751743  1.19378  -0.916979  -0.291925  -0.387856  -1.02524  0.959958  0.558262  -2.09758  0.653617  -0.103567  0.726503  0.283348  -0.676601  0.185004  -0.634522  0.0385398  0.22075  1.16831  -1.07644  0.567491  0.637568  0.488729  
1.17303  1.01707  -0.807027  0.8884  0.45484  -1.57442  -0.0788308  -1.81144  0.131654  0.026735  -1.31482  -0.392675  2.40422  -0.786114  -0.133962  -1.22059  -0.163386  -0.527096  -1.31469  2.44878  -2.35311  -0.38701  -2.47509  -0.944125  -1.56556  0.457159  -0.272371  0.606972  -0.452532  -2.53216  
1.47656  -0.106448  1.13438  -0.984437  -0.0194938  -1.51658  0.490744  -1.91552  -0.186712  -0.403949  -0.549309  -1.70855  -1.3509  -2.18325  0.811141  -0.735479  -1.76913  -0.0861722  0.645402  -0.393657  -2.51939  -0.286257  -0.722244  -1.30561  -2.20893  -0.362084  0.642605  0.435193  0.701641  -1.37978  
1.79458  -0.390706  -0.720554  -1.9422  -0.968738  -0.947288  1.26254  -1.83086  1.10523  1.55725  0.669113  -0.511008  0.217203  0.485816  0.419667  -0.61451  -0.007754  -0.103804  0.293858  -1.64891  -1.94231  0.289661  0.778416  -0.0111313  -0.239095  -1.60383  0.535423  -0.914197  0.760608  0.520178  
1.95247  1.21402  -1.19981  0.541601  -1.07123  -0.399595  0.810361  -0.945669  1.59084  -1.73089  -0.655963  0.585221  0.0232207  -0.917536  0.487092  -0.865126  0.0544626  -2.45462  -0.810187  0.571921  -0.404766  0.422383  -1.82436  -0.492221  -1.48862  -0.431559  -0.472129  1.12819  1.75785  1.36622  
2.00262  0.325118  -0.185037  -1.06391  0.719364  -0.198447  1.2921  -0.299815  0.776608  -0.0303195  0.185336  -2.3142  -0.721588  -0.305543  0.533404  -1.12143  -1.07658  -2.84493  0.982078  -1.36743  -0.500905  1.33818  -0.734003  0.399541  -1.10589  1.53709  -0.753694  0.183135  0.248328  0.180948  
1.8346  -0.402998  -1.30368  0.876917  1.03172  -0.109144  2.36079  -0.438537  -2.4403  0.750445  0.0743624  -0.361518  1.05239  -0.772144  0.112738  -0.746571  -0.239958  -1.72077  -0.260579  -0.273301  0.230382  1.84091  -0.666454  -0.959269  -0.26179  0.127021  -0.394214  0.954695  -0.708147  -0.950517  
0.583563  0.594013  1.55309  0.511646  0.00653681  -1.05211  1.38806  -0.183884  0.00726782  1.75619  -0.764264  -0.296107  -0.920719  -1.98027  0.760878  -0.0568331  0.601923  -1.17254  0.518424  0.296633  -0.219129  0.638533  0.346648  -0.0141808  1.72426  0.0818022  -0.303515  -2.76457  -0.665394  1.39916  
-0.674026  -1.73124  -0.903116  0.367089  -1.91889  -0.976628  0.223613  -0.450077  -1.66408  -1.98308  -1.17566  0.744579  -0.568717  0.802361  0.414543  0.913475  0.245483  -0.78061  -2.28568  1.36135  -0.42523  0.689601  0.956174  -0.836577  1.83312  0.374097  -0.595872  -0.851298  -2.06818  0.574399  
-1.11641  1.04681  1.17687  0.57734  -0.280239  0.140583  -0.932748  0.662321  0.449604  -1.1588  0.0546686  -0.864844  -0.761608  1.41188  0.0206184  0.841671  0.486259  0.0635498  0.0668019  -1.65158  0.208181  1.01769  0.403433  0.664618  0.992727  0.0689738  -0.766914  1.04046  -0.0827338  1.1821  
-0.126094  -0.266598  0.156392  -2.20092  1.70083  0.375533  -0.754516  1.34642  -0.801597  1.17933  0.90119  1.94981  -1.60315  -0.326535  -1.15899  -1.20694  2.44511  0.249358  -2.07149  -0.491444  0.664183  0.662197  -1.93829  4.00147  -1.48749  -0.859947  1.36326  1.32178  0.40238  -2.0153  
0.343401  -1.16234  -0.637068  -0.0721026  1.73749  -0.289014  0.0485523  0.0854309  -0.0915774  0.819804  1.38743  0.780761  0.740945  -0.703958  0.771577  0.128765  1.14501  0.609554  -0.0603204  -0.10511  0.24558  -0.544376  0.0985997  0.776955  -2.66477  -2.14716  2.49999  0.246134  -0.65578  1.69501  
-0.0290255  1.37359  -1.36995  0.78843  -0.651798  -0.322202  -0.0524908  0.197524  -0.369546  -1.14119  0.81218  2.08989  -0.0413704  -0.0418015  0.457248  0.842955  0.0327103  0.275901  -1.16118  1.14623  0.370843  -2.04322  0.771762  -1.0396  -2.89806  -0.0857396  2.93996  -0.770137  -0.567446  0.698874  
-0.396131  -0.0891251  0.818545  0.0997352  -1.04462  -0.326072  -0.0807795  0.112608  1.18098  0.543986  1.49656  0.160646  -1.80972  0.69957  0.138641  0.282042  0.327614  -0.110846  0.930069  -0.0630044  0.395688  -1.38621  1.44723  -1.07036  -3.31206  1.40911  -0.168261  -0.719076  0.127616  -0.905837  
0.00758408  -1.60666  -0.831653  0.858538  -0.791905  -0.0131011  -0.241762  0.223402  -0.732989  0.0418753  1.62051  -0.494745  1.13621  0.791507  -0.197653  0.244027  -0.930905  -0.116748  -1.49475  1.30456  0.44472  -0.899629  0.362398  -1.25573  -2.08278  0.193825  -1.11926  0.530029  -0.270111  -0.4065  
0.66891  1.27884  1.65278  0.144071  0.283018  0.250988  0.237289  0.88401  -0.390954  -0.190068  1.63729  -1.77877  0.950313  -0.156455  0.124865  0.68464  -1.12771  -0.446643  -0.204365  -0.0181454  0.712309  -1.6144  -1.2186  0.210344  -0.281448  -0.880681  -0.384586  0.335914  1.24888  0.427196  
0.965855  -0.320635  0.0569216  -1.88375  0.414893  0.573085  0.730858  0.843394  0.769042  1.59017  1.59599  -0.57236  -0.46751  -0.814606  1.08816  0.154378  -0.905325  -0.392839  1.06011  0.177422  2.17366  -1.06101  -0.748793  0.580465  -0.13303  -0.417175  0.300997  -1.23753  0.512842  -0.728544  
0.545962  -1.69744  -1.23555  0.604744  -0.791474  0.641841  1.50469  0.569724  -1.17021  -1.58054  1.54204  0.947564  0.69605  -0.934591  0.390999  -0.329223  0.569719  0.820313  -0.416237  0.819912  1.9032  -0.299414  -0.318026  -0.502252  -0.676649  -0.546953  -0.499302  -0.207412  -0.262397  -0.911422  
-0.540613  0.819185  1.11731  0.615295  -0.501732  0.207228  1.44069  0.393627  0.715965  -1.53905  1.0795  0.790148  -1.18953  -2.16735  0.404897  -0.195212  0.447345  0.854548  0.402923  -0.251146  1.63037  -0.290088  0.505294  -0.462273  -0.778841  0.834439  -1.53336  0.572306  -0.480137  -0.17005  
-1.24548  -0.0192101  -0.646675  -1.9171  0.575415  0.0133769  0.43976  0.517858  0.643021  1.00032  0.0359642  0.014839  0.038543  -0.618403  0.280677  1.30538  -0.434666  1.29935  -0.23262  -1.32924  0.189409  0.817278  1.67369  1.47552  1.19745  1.25694  -0.748782  -0.388683  0.894209  -0.42994  
-0.960443  0.504913  -1.32787  1.09917  0.103338  -0.0181515  -1.55476  0.386969  -1.66908  0.491389  -0.520207  0.163518  1.65917  1.83853  -0.0613196  2.24449  -0.100353  0.796244  -0.167891  1.32718  -0.273954  1.43723  1.66361  1.37351  1.28987  0.457126  -0.536666  0.605054  2.10471  -1.52731  
-0.31453  0.579295  0.930376  0.120608  1.81481  0.00434453  -2.85672  0.564779  0.374124  -0.00388856  -0.321656  -1.39482  -1.14238  0.847493  0.705098  1.52803  0.727616  -0.372447  1.75286  1.6741  0.386873  1.34755  -0.309289  0.901456  0.921366  0.422126  -0.694362  -1.59647  0.61979  -0.54017  
-0.194566  -0.95136  -0.441438  -0.492387  0.576269  -0.410965  -2.18924  -0.075629  -0.24484  -0.0326458  -0.054733  1.35955  1.33956  1.23369  -0.240698  0.565022  2.12687  -0.156663  1.57524  -1.66309  -0.211858  0.109247  -0.79981  -0.942516  0.782655  -1.1883  0.249211  -1.26543  -2.30712  -0.567346  
-0.764102  0.447486  1.37013  0.718104  -0.833995  -0.549603  -0.907432  0.0366613  1.23667  -1.74159  -0.971176  1.88585  -0.90229  0.061737  0.411711  -0.762376  0.00570201  -0.634375  -0.0401583  -0.31277  0.861291  -1.37792  -0.054399  -1.70232  -0.13876  1.60447  -0.37502  0.207102  -0.978492  -0.827115  
-0.898117  -0.980072  -0.238104  -1.21682  0.212093  0.848699  0.106102  0.213943  0.257863  0.506943  -0.312506  1.27711  0.740505  0.978888  0.0237541  -1.85725  -2.00028  -1.00998  -0.31434  -1.86747  1.2935  -0.289619  0.688183  -0.217988  0.810207  -0.127883  -0.629958  0.608546  -0.00132585  -0.249299  
-0.810545  1.3213  1.74195  0.424241  -0.0798791  1.34425  0.635857  0.237902  -0.0988609  -0.982634  -0.258038  -0.802469  0.458866  0.509826  0.183643  0.0800343  -1.73552  -0.668054  -0.582834  0.291783  1.41418  -0.952772  -0.807129  1.12876  1.66126  -1.41979  -0.590807  -0.0627228  0.608832  -0.10757  
-0.689079  -0.276751  -0.617914  -1.94458  0.551543  2.40517  0.944918  -0.461551  0.765703  0.734451  0.220977  -0.131872  -0.41848  0.524551  0.272477  -0.366909  0.111587  -0.667163  0.797149  -0.502619  0.879317  -0.328251  -1.07142  0.840941  0.847843  -1.30144  -0.109249  -1.09724  -0.457921  -0.977903  
-0.978718  1.16642  -1.37327  0.317558  -1.66531  2.74918  0.854905  -0.419135  -1.16293  -1.83496  -0.448476  1.02003  -0.307377  -1.57814  -0.0870932  0.0450983  1.107  -1.05781  -0.630262  0.540209  0.225491  -0.620964  -0.961746  -0.0564948  -0.751958  -0.558898  0.355785  0.0764912  -0.695446  -0.314242  
-1.41311  -0.248239  0.333172  -0.192566  -1.30893  1.52536  -0.122117  -0.7283  0.646107  -0.268458  0.501552  -0.896106  -1.12097  -0.496848  0.0789078  0.0531447  0.0876067  -0.26913  2.12092  -1.12902  -0.0698277  -0.214177  0.859792  1.22377  -0.515002  1.16968  0.759402  1.30708  0.159591  1.02495  
-1.38496  1.22085  -1.25352  0.72006  -1.10865  0.453049  -0.540308  -0.53051  0.579658  -0.776582  -0.508483  -0.802881  1.94771  0.903053  -0.0443427  0.310426  0.271757  0.334307  -1.46778  1.00203  0.114254  -0.294111  -1.03845  1.4875  0.48387  0.792416  0.977695  0.918742  -0.514957  1.60307  
-1.15401  -0.791505  -0.375976  -1.48951  1.41553  -0.038945  -0.483201  -0.0768738  -0.225418  0.176021  -0.138503  -1.34683  0.0663637  0.52353  0.149998  -0.384846  -0.772619  -0.336322  0.937413  -0.132401  0.3756  0.318422  -0.886286  1.21202  1.73831  0.159415  0.359  0.656864  -0.635721  0.748166  
-0.736234  0.911849  1.67848  0.790665  -1.57003  -0.635396  -0.364215  0.957153  -1.2443  0.251772  0.387756  0.374253  0.186715  0.442866  -0.0786889  0.744643  -1.17409  0.263591  0.938715  0.171291  0.74229  2.15661  0.240133  0.517916  0.524615  0.184041  0.857743  -0.762867  -0.687763  1.18135  
-1.04129  -1.70869  -0.589875  0.676327  -1.05258  0.274829  -0.55831  0.768985  0.0525225  0.154834  0.258982  -0.308342  1.11991  -0.0225312  -0.0432329  2.00957  0.70457  0.644447  -0.380749  -1.21603  1.90831  2.21982  1.36382  -0.156812  0.244239  -1.38191  0.241519  0.728171  -1.21623  0.249944  
-1.17596  1.32454  0.775618  1.05099  0.00139183  0.687533  -1.41396  0.64674  1.66539  -1.22432  0.686655  -0.789877  0.210737  0.211045  -0.736081  1.92396  1.63893  2.14592  -1.01429  0.346188  1.94956  1.45162  0.692599  -0.574603  -0.149754  -0.199969  -1.04558  0.638673  -0.435625  1.72275  
-1.0044  -0.282787  -0.295541  -1.65618  2.30987  1.05732  -1.41433  0.14144  0.0280121  -0.291171  0.211956  -0.484261  0.762668  1.32364  -0.193247  0.189224  0.735536  2.01078  0.191636  0.284494  0.485645  0.627354  0.524893  -0.250422  -0.365688  1.41789  -0.831485  -0.485007  -0.432104  0.592309  
-1.13829  0.869467  1.72394  0.870342  1.00851  0.705127  -0.507157  -0.0676614  -0.301195  1.10963  -1.38698  0.0316308  -1.10352  -0.928539  -0.271431  -0.110191  0.281669  -0.379664  0.895498  1.97511  -0.771047  0.00692776  -1.64277  -0.16118  -0.038927  -0.103009  -0.397801  -2.13067  -0.593859  1.67226  
-1.14659  -1.38709  -0.812903  0.779888  -0.151986  0.234072  0.208825  -0.938709  -1.30632  -0.236499  -0.52908  0.501685  0.583581  -0.139801  -0.56151  0.177565  0.74532  -0.589195  0.267477  -2.12896  -0.780512  -0.406502  -1.01249  -0.714824  0.34803  -1.46293  0.191224  -0.21297  -2.16995  -0.107854  
-1.14752  -0.233549  0.417078  0.784448  -0.801765  -0.293212  -1.23492  -1.17453  1.19918  0.0863999  -0.527293  1.45538  -2.52354  -0.560211  -0.634557  -0.868456  -1.69086  0.0452239  0.38597  -0.423386  0.171292  -1.3269  -0.878299  -0.608736  -1.10938  1.9079  -0.322114  -0.256166  -1.34304  -1.22036  
-1.13586  -1.13299  -1.0178  0.841511  0.0515007  0.855787  -0.870994  -0.174173  -1.54477  0.370723  -0.023196  -0.514688  0.630242  -0.291809  -0.320152  0.242744  -1.74714  1.12142  -0.963998  -1.04828  -0.0927376  -0.649312  -0.115008  0.0671024  -0.891423  -0.904651  -0.426147  0.928307  0.0261181  -0.534438  
-0.980466  0.879803  1.1687  0.693613  0.818707  0.489849  -0.664228  -0.172655  -0.0908839  -0.460647  -0.577469  -1.75619  -1.39132  -0.765067  -0.0195687  0.447824  -0.118339  1.42485  0.0247245  0.656212  0.200423  -0.731485  -0.272069  0.513125  0.327047  -1.04899  -0.454485  -0.282659  1.03896  0.481294  
-0.728226  -0.37202  -0.4059  -1.47332  0.908825  -0.0529911  -0.118408  -0.957142  -0.15219  0.799753  -0.480051  0.881099  -0.206368  0.627214  -0.310638  0.329162  1.50364  0.326242  1.17073  -1.01968  -0.704924  -0.693491  -0.0566384  -0.261299  1.15155  -1.10245  0.0653992  -1.15919  -0.284205  -0.223969  
-0.998026  0.772347  1.99916  0.669108  -0.698587  -0.80293  -0.44193  -0.213296  0.239122  -1.09086  -0.891194  1.79104  0.22938  -0.578384  -0.151846  -0.483005  0.711354  -0.804966  0.333044  0.154222  -0.27187  -1.91053  -0.0578188  -1.36463  0.187555  1.59892  0.833467  -0.545987  0.499395  -0.107898  
-1.30228  -0.833939  -0.57039  0.000798756  -0.344112  -1.01847  -0.464036  -0.370224  -0.171961  1.34548  -0.141218  0.00643035  1.13307  0.160625  -0.526393  -0.145657  1.69922  0.0657261  0.78642  -2.21205  -1.00976  -1.20881  1.16821  -0.485165  0.489539  -0.57748  -0.334501  -0.0226858  0.445147  0.189476  
-1.38502  0.338511  0.0318872  0.757206  0.327308  -1.36321  -1.31262  -0.427057  0.971544  0.522639  -1.72348  0.673563  -1.64103  -0.397674  -0.464915  -0.168855  -1.44124  1.21151  -0.0649883  -0.487953  -0.563431  -0.790967  -0.510178  -0.420456  0.0194412  1.44006  -0.755778  -0.664409  -0.151597  -0.424754  
-1.04786  -0.500453  -1.06756  0.967402  0.159472  -0.929055  -0.374831  -0.635295  -2.69908  0.635944  -0.850952  0.00589527  0.194463  -0.418095  -1.14971  -0.140845  -1.68131  2.35693  -0.744802  0.437903  -0.566708  0.607074  -0.243562  -1.61978  0.443112  -0.0524679  -0.681804  0.509772  -0.400309  -1.83384  
-0.309694  0.853027  1.68058  -0.066515  0.0946182  -1.78879  -0.84554  -0.357294  -0.743796  0.248996  -0.550167  -1.78452  -1.0656  -0.5036  -0.409892  -0.204625  -0.259501  1.77454  0.982299  0.389979  -0.181008  -0.101116  0.302667  0.152865  0.522542  -1.05878  -0.256094  -0.124008  1.17231  0.862587  
1.00128  -0.943367  -0.480706  -1.64941  0.202406  -1.72011  -0.310381  -0.860055  0.117161  1.27885  -0.216427  1.11468  0.836238  0.804728  -0.690704  -1.30128  0.544975  0.396088  0.708053  -0.478537  -0.605439  -0.510629  0.378824  -0.173195  0.288045  -2.26652  -0.0199663  0.631154  -0.0544932  0.767627  
1.70189  1.0301  -0.103637  0.781098  -1.24435  -1.19324  0.300091  0.0673125  1.00131  -0.768568  -1.50927  1.68766  0.373906  -1.58513  -0.255975  -1.3625  -0.542055  -0.920095  -0.0849866  0.711136  -1.03639  -0.965186  -0.847457  -1.51184  -0.300719  -0.664903  1.18785  0.694196  0.615796  1.44239  
2.13586  -0.669982  0.0277172  -1.15703  -0.744037  -0.479496  1.07447  0.13769  1.23351  1.39967  -1.19915  -0.454838  -1.44101  -1.5302  -0.521892  -2.2031  -1.2678  -0.820046  0.58897  -0.321114  -1.36105  -0.412152  0.546935  -0.664334  -0.831501  1.00401  -0.534637  1.31859  -0.909195  0.90821  
2.43564  1.12433  0.893476  0.564846  -0.893326  -0.153191  0.671865  -0.0660258  0.0205608  -0.29317  -0.8157  -0.743364  1.10445  -0.433741  -0.653282  -2.01655  -2.06497  -0.464085  -1.75204  1.33257  -1.99911  -0.258333  -0.791588  -0.451513  0.192148  -0.206942  -0.146044  1.11387  -0.696975  0.686994  
2.48705  -0.596441  -0.773466  -2.42342  0.562988  -0.142293  0.35662  -0.529215  0.695699  1.08702  0.361872  -1.8776  -0.434775  -1.13382  0.15595  -1.74477  -0.973473  -1.93479  0.578346  0.806321  -2.13522  0.411038  -0.352533  0.184149  0.755655  -1.13565  -0.0485676  1.50621  -0.564582  -0.266309  
2.18532  0.960757  -1.71447  0.622949  -2.00479  -0.408833  0.664789  -0.439419  -1.49633  -0.588964  0.715479  -0.437601  0.806323  -0.746034  -0.485877  0.231454  -0.426735  -1.7696  0.260759  0.511135  -1.56356  1.10325  0.811989  -0.200802  0.333963  -1.36669  0.0941323  1.90804  -1.32622  -0.0652346  
1.46445  -0.138145  0.23173  -0.655586  -1.16778  -0.718938  0.820762  -0.142726  1.22928  1.17633  0.393424  -1.41894  -1.58141  -0.843193  -0.362375  0.976077  -0.801325  -0.485828  1.68048  -0.192229  -0.950461  1.58522  1.50321  0.478951  0.410358  1.24306  -0.682775  1.0942  -1.57219  0.0420267  
0.596885  -0.395879  -0.239767  0.517062  1.89968  0.0436439  1.21788  1.14948  -0.942362  1.44872  -0.537161  -0.198376  -0.919807  0.849468  -1.56582  2.15485  0.668963  0.415115  -3.89737  -1.76482  -0.437043  2.47117  1.50639  4.18436  1.61614  -0.470096  0.869332  0.739209  -0.531454  -3.81264  
-0.641113  -1.27145  -0.499116  0.427667  1.96992  0.85091  0.262473  1.05153  -0.248503  0.220703  -1.06322  0.0741516  0.550789  2.18526  0.0867384  2.37204  1.11642  0.690658  -1.08537  -0.0979667  1.0799  2.24472  1.45386  1.65319  1.26547  -0.137059  1.5548  0.345569  -0.99804  -0.876052  
-0.589742  1.2232  1.5931  0.630705  0.126253  0.323294  0.0104692  1.29148  -0.478739  -1.25085  -0.523484  1.20928  0.986274  2.13775  0.208491  1.18152  1.64827  -0.143795  -0.816126  1.83818  1.13507  1.92604  -0.708556  -0.462664  -0.281217  1.01092  2.56571  -0.160555  -0.885351  -0.00105254  
-0.259978  -0.652448  0.729095  -0.625847  -0.704593  0.0448047  0.494482  1.08556  0.627203  0.369187  0.650836  0.386486  -1.36351  0.361462  0.397646  0.499624  0.460566  -0.889448  1.89119  -0.278766  0.960849  1.19239  -0.344081  -0.047218  -0.92799  2.29346  0.0170223  0.0856785  -0.479894  0.144173  
-0.396493  -1.76715  -0.666398  0.855841  -0.675336  0.259879  0.471988  0.608013  -0.16983  0.322909  1.73168  -0.614592  1.81203  0.692662  0.638953  1.55602  -0.619684  -0.297739  -1.40476  0.649567  0.798787  0.998167  -0.0198228  -0.167888  0.309045  -0.163302  -0.159555  0.62538  0.272582  -0.0932494  
-0.63081  1.0937  1.17532  0.901151  0.53683  -0.275217  -0.595829  0.17968  1.51052  -1.07156  2.16444  -1.07299  0.165222  0.994309  -0.252718  2.78408  0.0607575  1.07358  -0.685639  0.486176  1.54758  0.618937  -0.27167  -0.658712  1.07362  -0.288557  -0.338087  0.0274143  1.64343  -0.116743  
-0.403192  0.132527  0.457512  -1.73615  1.25804  -0.124157  -0.720055  0.686684  0.50125  -0.333031  1.17607  -1.30603  -0.566008  2.21855  0.616089  2.98825  -0.246049  2.1895  0.942982  0.143965  1.06193  1.28531  0.617601  0.032597  0.103991  1.47311  0.309674  0.133114  2.53296  -1.02855  
0.248412  -1.04597  -0.508375  -1.88552  1.5953  0.516944  0.729558  1.03727  -0.277817  0.524623  0.578259  1.60383  1.03656  2.81092  0.490462  1.3933  1.88649  2.08834  0.916492  1.01505  -0.387105  1.20034  -0.126478  -0.130016  0.813764  0.158196  -0.374265  0.424824  1.69759  0.0331481  
0.836888  0.680742  1.79262  0.812381  0.30658  0.00386419  1.28261  1.47029  0.672338  0.0532718  -0.349191  1.64344  0.583302  -0.875457  0.919525  -0.673917  1.15917  -0.27934  1.07139  1.30366  -0.751276  0.303319  -1.71229  -0.0830492  0.800891  1.34485  0.439364  -0.465926  1.59982  0.964686  
0.946611  -1.5474  -0.420773  0.574575  0.0285992  0.541748  1.9414  0.177066  0.344898  0.879259  0.939501  0.504474  1.12995  -1.65298  1.21975  -1.65557  1.1258  -1.37533  -0.267781  -1.30656  -0.844241  0.656514  -0.733216  -0.0807079  1.31044  -0.722813  0.48732  -0.191927  -0.0924043  0.438931  
0.795113  0.859714  -1.37302  1.22423  -1.46004  1.14846  1.44197  -0.636465  -1.3858  -0.501348  2.06267  0.204067  -0.478274  -1.21509  0.537222  -0.34531  0.106476  -0.269197  -1.29193  -0.115053  0.0314939  -0.286606  0.375315  0.0540431  1.92183  0.867531  -0.572686  0.200659  0.939116  1.88049  
0.456569  0.823007  0.510829  0.460306  1.48478  0.643409  -0.551658  -1.56006  0.835608  -1.02853  2.55501  -1.21149  -1.02073  -0.564031  0.796236  0.0254599  -0.0131254  0.758769  0.706507  -0.165626  0.114871  -1.08331  0.491739  1.52146  -0.2332  1.14192  -1.37936  -0.922614  0.542207  0.486695  
0.358279  -0.692252  -0.124073  -0.778186  1.82832  0.621096  -1.58921  -1.50697  -1.04928  0.629173  1.83831  0.988026  1.96173  -0.854786  0.61148  -0.351998  -0.547143  0.295329  0.692835  -0.298895  -0.90269  -0.626329  0.780724  0.671822  -1.12362  0.298883  -0.586803  -0.386665  0.83358  -0.965165  
0.482978  1.45865  2.03483  0.498267  -0.220604  0.600974  -0.874011  -0.820165  -1.29251  -0.41388  -0.52479  -0.00348119  0.776276  -1.5759  0.579791  -0.0175528  -0.410669  -0.603072  -0.0986455  1.14878  -0.708417  -0.846159  -0.0925192  -0.0131773  -0.655961  -0.341135  0.111961  -0.427538  1.08478  0.301094  
1.21425  -0.331293  0.561171  -1.17214  -0.919902  0.628487  -0.87812  -1.54365  0.918925  1.27404  -0.658847  -0.317592  -0.903747  -0.373407  0.700539  -0.146784  -0.233601  -1.14485  1.12154  -1.03603  -0.416629  -0.418443  -0.630004  -0.333347  -1.03712  0.432172  0.673516  -1.12994  0.641515  -0.0943709  
1.813  -1.45703  -0.737593  0.721226  -1.2725  1.03567  -1.61113  -1.88257  0.442963  1.1673  -0.0238729  -0.811271  1.45372  0.40168  0.522641  -0.152781  0.918528  -0.739392  -1.34401  -1.18314  0.452777  -0.551544  -0.993458  -0.033624  -1.57837  -0.707154  0.633442  -0.2411  0.260769  -0.294581  
1.9601  1.2036  -1.24974  1.12288  -1.43736  0.668383  -2.60124  -0.919561  -1.28625  -0.416459  0.393085  -0.241317  0.371464  0.627758  0.117182  -0.406526  0.773062  -0.933874  -1.60724  -0.0246668  0.859389  -1.10732  0.281816  -0.651714  -1.15347  0.974776  -0.795852  -0.510616  0.543043  1.60854  
1.36884  0.886904  0.75958  -0.0710717  1.49614  -0.517138  -0.901038  0.775815  0.217097  -1.52616  0.326371  -1.5831  -0.645458  0.0901445  0.345498  -1.68418  -0.593263  -0.257386  0.7364  -0.46492  1.05827  0.209416  0.744464  0.604831  -1.22645  0.402671  -1.47093  -1.16367  -0.39448  0.784255  
0.562779  -0.652843  -0.348082  -1.92352  1.8453  -0.927992  1.96707  1.02333  -0.785876  -0.0266774  -0.61164  1.74076  0.650704  0.186936  0.0516358  -0.874581  -0.0461509  0.211801  0.168626  -0.60316  -0.0858232  0.230896  -0.300756  -0.194738  -0.895125  -1.05235  -1.07542  -1.27505  -0.50345  0.353502  
-0.248759  1.46533  -0.911705  0.580585  -0.49733  -1.62069  3.08991  0.794709  -0.425006  -1.15825  -1.70986  2.00628  0.292916  -0.709208  0.134696  0.0393434  0.571385  -0.0047966  -0.810258  0.269908  -0.985291  -0.973633  -1.63247  -1.00318  -1.6255  -0.730791  0.933962  -1.22341  -0.0250147  1.0297  
-0.675811  -0.228331  0.614015  -0.236754  -0.5761  -2.78153  2.57907  -0.319287  0.984481  0.605283  -0.882397  -0.0394527  -1.36617  -0.101353  0.0128955  -0.343071  0.73356  -1.17268  1.08276  -0.402012  -2.07517  -1.40001  -0.0474471  0.401716  -2.50556  1.47441  -0.441677  -1.08558  0.65037  0.422378  
-0.496097  0.806442  -1.17246  0.723016  -0.359399  -2.85526  2.27452  -0.230911  -1.69064  0.111984  -0.417212  -1.0506  1.38069  0.225426  -0.319843  -1.7379  -0.409607  -1.4949  -1.85363  0.739687  -1.44598  -1.15367  0.111254  0.241345  -1.68637  0.184694  -1.02469  -0.0786765  0.171111  -0.508093  
-0.682829  0.462474  1.16545  -0.309123  0.589218  -2.50482  1.13465  0.846984  -0.460395  -1.04742  -0.576674  -2.16676  -1.33249  -0.455097  0.409556  -1.50385  -1.68879  -0.659146  0.641002  -0.35567  -0.0401427  -0.998197  0.930307  -0.0956404  -1.18398  -0.369115  -0.285732  -0.450649  1.73624  -0.532047  
-0.167314  -0.932217  -0.746196  -1.85003  0.37345  -1.28906  0.144955  0.859362  -0.210527  0.597989  -0.704803  0.864901  0.0227895  0.788563  0.0162637  -0.811355  -1.19507  0.213162  0.231121  -0.970855  1.67214  -0.0517329  1.08559  -0.316894  0.283025  -2.40085  -0.0831289  0.385885  0.803405  -1.06367  
-0.193625  1.42952  -0.988573  0.84548  -1.2653  -0.478331  -0.667529  1.70822  -0.205233  -0.982688  -1.1371  1.24322  0.066302  0.741443  -0.226911  0.219201  0.473822  -0.421197  -0.357402  0.633006  2.25806  0.630476  0.571844  -1.23979  0.544397  -1.63575  0.245254  -0.0544675  -0.692733  -0.246731  
-1.09908  -0.970479  -0.500434  0.0902594  -0.12127  -1.08034  -2.15881  1.37727  1.39957  0.679802  -1.28697  0.848838  0.329356  -1.01476  -0.286453  -0.632945  2.28013  -1.49119  0.0738551  -0.808829  0.124198  0.203925  0.945898  -0.220153  0.87595  -0.499731  -1.53424  0.0142887  -1.93692  -0.733324  
-1.62546  1.18542  -1.44088  0.904172  -1.64965  -0.18906  -1.72743  0.557186  -1.23612  -1.18645  -1.92544  -0.331928  -0.621114  0.0707337  -0.957623  0.896375  0.609227  -0.116923  -1.5067  -0.65907  -0.471353  0.535509  0.459244  -0.720835  0.877178  -0.641979  -0.164385  0.0766013  -0.590186  0.644908  
-1.31871  0.022135  -0.203736  -0.670821  0.121691  -0.210005  -1.27412  -0.433657  0.928227  0.596561  -1.75468  -1.94191  -1.75999  1.11181  -0.834166  0.37466  -0.362455  1.2433  0.894238  -1.34525  0.339494  0.859563  0.3871  -0.326119  0.0155391  1.27793  -0.327167  0.49983  -0.359574  -0.269013  
-0.732839  -0.859309  -0.670766  0.933696  0.715144  -0.0443411  -1.45265  0.0248171  -0.887749  0.955268  -1.72488  -0.29895  1.35809  2.00344  -0.773189  0.940819  -0.251793  1.76995  -0.444753  -0.888204  1.08509  -0.139858  0.492849  0.256557  -0.450347  -0.136595  -0.377937  1.01347  -0.128872  -0.421884  
-0.403891  1.05506  1.67063  0.823979  1.20264  0.234418  -1.21183  0.662105  0.329547  -1.0252  -1.53827  -0.757435  -0.220345  0.551868  -0.680978  0.10621  0.254288  1.24333  -0.723245  0.826429  0.598572  -2.25282  0.347457  -0.0932194  -0.269634  -0.319072  -0.346029  0.0134484  0.235434  0.476875  
-0.502208  -0.391305  -0.449178  -1.61419  1.25989  0.44373  -0.0927528  0.82652  0.436411  0.976489  -1.12036  -0.0658723  -0.197614  0.390578  -0.399535  -0.0875406  -0.437742  1.18826  0.390076  -0.510921  -0.439513  -1.82666  1.00631  -0.107482  0.268036  -0.635274  0.500231  -0.24871  -0.0576499  -0.76314  
-0.486592  1.32677  -0.621796  0.687336  -1.27307  0.762705  0.604966  1.36888  -0.369797  -0.674222  -1.38816  0.749742  0.212149  0.0280822  -0.447989  0.302607  -1.02504  1.36928  -0.334262  0.858512  -0.0453682  -1.02785  0.455593  -0.590691  -0.353034  -1.4302  1.54038  0.9109  -0.702571  0.314497  
-0.291731  -0.698204  -0.119518  -0.610656  -1.27108  0.540589  -0.0340861  1.047  1.59537  1.35775  -0.580185  -0.0590695  -1.6749  -0.397743  -0.416619  -0.391234  -0.733704  1.12474  1.33573  -0.35881  -0.115249  -0.977723  1.08941  0.587541  0.257601  0.0422204  0.730328  0.1282  -0.678398  0.204044  
0.195987  -2.3483  -1.16188  0.704576  -1.9332  0.451953  -0.0404413  1.19489  -0.0289145  -1.60451  0.0388734  -1.09932  1.78194  0.478869  -2.93072  -0.530084  -1.50326  1.42849  -0.487335  0.791405  -0.00312132  -0.808233  0.92459  5.01074  0.436005  -1.11343  0.994407  -0.576384  1.1582  -0.663302  
1.103  -1.07915  -0.853368  0.408317  -0.121212  0.493284  0.857222  1.09004  -1.03381  0.767027  1.61819  -0.0593634  -0.904228  1.72145  -0.39259  0.699201  0.129775  1.61245  -0.0537415  1.95669  0.12241  0.289206  0.450212  2.31205  1.83475  -1.39802  2.21822  3.44935  1.36876  0.142003  
1.26511  1.01971  -0.603103  0.681219  -0.405375  -0.155646  0.563696  0.2876  1.91985  -1.16046  1.35738  1.00767  0.60056  -1.15937  0.568868  0.374273  1.02098  -0.261811  1.02226  1.51213  -0.21533  0.776636  -1.04206  0.619176  0.991805  -0.20896  3.15864  1.42326  0.306381  0.986441  
1.09038  -0.549455  -0.348997  -1.07686  0.141864  -0.175683  1.00102  -0.892832  1.90842  1.4202  1.94844  0.00443187  -0.3577  -2.16069  0.45634  -0.0507874  0.841215  -0.673314  1.30883  0.800682  -0.302418  1.37019  -0.0250515  0.548896  0.132308  1.34463  1.87279  -0.23387  -1.88109  0.383937  
0.0910675  -1.52282  -1.00042  0.78789  -0.638315  0.386871  1.21296  -1.101  -0.348651  -0.736659  2.25945  -0.670822  1.34162  -0.769609  0.995796  1.32493  -0.0345474  0.100684  -1.39127  1.5816  -0.601983  1.12015  2.10503  -0.179102  0.514887  0.198297  0.979109  0.232536  -1.40597  1.22636  
-0.561115  0.943533  0.92765  0.937412  1.16423  0.66974  0.73841  -1.75803  1.64563  -0.8186  1.79986  -0.889001  -0.749831  0.317932  0.932112  0.553004  -0.394335  1.17137  -0.0759479  1.00148  -0.282809  1.16811  1.85701  0.477145  0.754231  0.971238  -1.4802  -0.464123  0.816411  1.22761  
-0.516885  -0.956086  -0.38358  -2.08045  1.72229  2.07298  0.633295  -2.1099  -0.322852  -0.136727  1.6828  0.922347  0.345313  0.669971  0.666448  -0.157348  -0.950698  0.408048  -0.136935  0.476881  -0.163124  1.47298  -0.0215307  0.833668  0.345973  0.540055  -0.927713  0.670035  1.32513  -0.250143  
-0.0570255  1.36413  1.47117  0.457337  -0.469628  2.70558  1.03057  -1.04889  -1.17415  -0.555664  1.25393  0.488428  0.101718  0.326664  0.301996  0.597522  -0.178482  0.468602  0.555507  0.739237  0.598652  1.68987  -1.28049  -0.116686  -1.23678  -0.200481  0.771643  0.511934  0.461832  0.625675  
-0.144479  -0.409919  -0.354264  -1.19685  0.0407475  2.43053  1.23045  -1.66434  1.04521  1.05718  1.97842  0.176096  -0.806229  0.225884  0.308424  0.0548688  2.60442  -0.716948  1.13384  -0.429142  0.453101  0.901099  -0.751133  -0.354893  -0.0645459  0.291141  -0.434766  -0.947587  -0.898815  -0.455013  
-0.799116  0.978304  1.34722  0.7114  -0.0993779  1.58321  -0.414815  -2.52324  1.50784  -2.19037  1.53522  0.97569  -0.357502  -1.26937  0.391154  -0.209892  0.854636  -1.51407  -0.240243  -0.230358  0.933055  -0.443579  -2.21207  0.150914  -0.30536  1.53308  -0.841086  0.176277  -0.986249  -0.357982  
-0.792934  -0.519068  -0.0100224  -1.30143  1.19868  0.739729  -0.418352  -2.35365  -0.331636  0.78671  2.06077  0.945424  1.1281  -1.37959  -0.0736971  -0.653942  -1.11667  -0.789016  -0.480567  -2.05575  0.909373  0.120595  -1.03834  -0.260759  -0.0742377  1.02746  -0.315339  0.00293468  -0.376667  -0.0350135  
-0.432768  1.43584  1.8088  0.679877  0.512012  0.278569  0.913756  -1.0825  -1.06542  -0.74515  0.258198  -0.648581  0.550687  -1.51372  0.155662  0.395738  -1.0919  -0.1337  -0.743221  0.292509  1.65188  -0.719086  -1.20662  -0.527303  0.84828  -0.382525  -0.875721  -0.420204  0.114289  0.319302  
-0.370497  -0.42173  0.154429  -1.40378  1.09548  -0.885246  0.557047  0.080795  0.232672  1.01978  -1.37406  -0.412309  -1.45125  -0.430823  0.615547  0.818004  -0.811741  0.411742  1.09687  -0.128701  1.0277  -0.0141895  -0.31035  -0.388165  1.14954  0.40154  -0.34526  -1.23403  0.33248  -0.634832  
0.173538  -1.72174  -1.21532  0.457416  0.505539  -1.48155  0.0113868  0.695357  -0.616972  0.136387  -1.55932  0.36355  0.826524  2.09676  0.194617  0.929463  0.514886  -0.269749  0.548928  -0.336942  -0.562973  0.610534  -0.557827  -0.722237  0.297707  -1.65733  0.3588  0.094096  1.63308  -0.308045  
0.643236  1.24992  0.291123  1.17686  -1.04974  -1.38859  -0.346529  2.11253  0.765995  -0.483652  -0.838355  1.42304  0.0751734  0.35903  -0.211808  0.392135  0.8205  -1.09944  0.910717  0.0556107  -0.326209  0.132907  -1.42033  -1.73836  -0.00887723  0.138081  0.640542  0.689821  2.18356  -0.551955  
0.713377  -0.411784  -0.188797  -0.503723  -0.607042  -0.60648  -0.208277  1.88634  1.51517  1.69022  -0.158917  -0.373071  -1.07355  -0.841655  -0.111056  -0.615385  0.837864  -0.908691  0.930961  -0.71551  -0.337319  0.320134  -0.855528  -0.838799  -0.110989  1.32437  -0.917779  -0.699905  -0.0983701  -0.84696  
0.353482  0.00692027  -1.33992  1.07681  -0.543827  -0.658959  -0.895531  1.1632  -1.57019  0.0516512  -0.531736  -1.09262  1.05546  -0.803803  -0.347882  -0.0568762  0.427525  -0.0412979  -1.96403  0.780474  -0.563272  -1.37196  -0.602477  -0.20098  0.81642  1.16136  -0.898864  -0.483968  -0.16466  0.354651  
0.0629715  0.887158  0.994291  0.197455  1.42465  -1.67646  -1.82306  0.340125  -0.589009  -0.390247  -1.38569  -1.35025  -1.56201  0.112114  0.112324  -0.0919307  -1.11865  0.645453  0.557499  -0.0200515  -1.01787  -2.06809  1.2263  0.491204  0.163468  0.645451  -0.311434  -1.97882  -0.442477  0.279176  
-0.0282538  -0.759055  -0.165316  -1.46294  0.58049  -0.684733  -0.533378  0.106563  -0.81029  0.633201  -0.676266  1.10429  0.486547  1.60831  -0.349317  -0.682395  -0.367525  0.0692638  0.0638072  -1.21002  -1.25776  -0.0338698  0.942984  -0.357031  -0.720341  -1.98584  0.0644299  -0.542043  -0.666153  -0.338271  
0.104546  1.73563  1.96154  0.639707  -1.9526  0.585605  0.0383735  0.312288  -0.919239  -0.625157  -0.424113  1.03636  0.183008  0.622274  -0.118256  -0.871108  0.264  -0.2689  -1.08078  -0.0101864  -0.45944  0.380642  -0.119704  -1.04523  -1.32975  0.303567  0.181763  -0.0758866  -0.787753  -0.104138  
-0.0330523  -1.48818  -0.543034  0.507827  -0.104337  0.475031  -0.832506  -0.0379423  -0.587015  0.253468  -0.508824  -0.859895  0.77214  -1.08146  0.301556  -0.908307  -0.112754  -1.34683  -0.583899  -1.48142  -0.308022  0.862621  -0.0624326  -0.0875392  -1.00798  -0.930417  -1.08277  0.831055  -1.18189  -0.475283  
